80.4674 9
89.7664 10
100.419 11
131.757 12
80.287 13
168.55 14
88.2213 15
233.542 16
2848.2 17
7547.56 18
3511.09 19
2850.9 20
2444.22 21
8250.93 22
8227.81 23
3739.64 24
4549.31 25
4360.62 26
5575.36 27
6416.49 28
3584.1 29
3750.14 30
3586.27 31
995.741 32
1929.18 33
4193.81 34
6402.17 35
673.284 36
1531.48 37
819.011 38
4092.75 39
1821.41 40
1141.06 41
2243.77 42
2885.8 43
1109.03 44
2572.32 45
584.997 46
2310.08 47
1193.97 48
1226.9 49
1506.13 50
2813.96 51
1017.04 52
1145.85 53
913.599 54
1246.33 55
970.883 56
2896.13 57
1447.75 58
1297.32 59
1520.54 60
3422 61
5895.1 62
3273.21 63
1080.35 64
1558.45 65
2393.31 66
1135.43 67
1509.11 68
3243.79 69
5148.43 70
1023.62 71
1083.89 72
3984.37 73
4355.01 74
1566.69 75
2165.53 76
6667.11 77
1759.77 78
2346.55 79
3747.01 80
2627.38 81
1676.18 82
20185.5 83
1211.37 84
20328.4 85
847.521 86
2946.93 87
6472.86 88
5118.19 89
2860.75 90
2767.17 91
4694.01 92
2218.86 93
8352.57 94
2977.93 95
10358.3 96
2821.49 97
12697.7 98
3200.06 99
3846.49 100
3692.75 101
11882.5 102
5329.32 103
8347.58 104
9284.22 105
3283.67 106
5507.82 107
1788.11 108
12010.5 109
5046.63 110
906.938 111
5669.14 112
7191.35 113
1788.36 114
5474.73 115
14821.4 116
4771.82 117
6587.42 118
8168.11 119
10843.5 120
5794.97 121
6054.15 122
7071.43 123
13286.5 124
5248.99 125
5970.63 126
2870.82 127
5662.74 128
4526.06 129
7628.32 130
4041.69 131
7937.52 132
9245.12 133
8236.18 134
11538.1 135
8322.76 136
3714.71 137
5763.06 138
7447.38 139
3327.87 140
9782.57 141
9577.74 142
21216.4 143
15807.6 144
7004.2 145
13831 146
5282.5 147
5069.06 148
15105.9 149
5116.35 150
9931.1 151
7036.26 152
5828.68 153
9328.43 154
7734.1 155
7005.72 156
9759.66 157
8906.41 158
10961.5 159
9012.47 160
13794.2 161
12991.4 162
6441.45 163
13503.1 164
6671.72 165
8650.69 166
10888.1 167
5976.32 168
4655.4 169
7813.26 170
7819.11 171
10794.3 172
6981.38 173
5346.59 174
12236 175
4591.16 176
10623.8 177
6428.08 178
6565.72 179
7781.29 180
6716.58 181
11733.5 182
8506.21 183
7448.22 184
6639.99 185
5651.88 186
4740.58 187
8238.96 188
7127.09 189
8026.15 190
13182.5 191
9687.81 192
6484.02 193
4755.54 194
8291.04 195
6007.68 196
7042.55 197
8523.25 198
7165.33 199
6750 200
8590.77 201
4682.15 202
11462.1 203
8760.53 204
7682.79 205
7988.17 206
8315.76 207
7924.56 208
9312.5 209
11204.9 210
14053.4 211
10742.4 212
12635.3 213
9395.53 214
11478.1 215
12699.5 216
7138.23 217
5584.31 218
7247.19 219
11327.4 220
19115.1 221
11422.5 222
10015.6 223
10020.5 224
7732.49 225
8655.3 226
9380.96 227
15007.9 228
11145.7 229
16904.7 230
17322.6 231
16015.7 232
14156 233
21460.9 234
17301.6 235
18701.7 236
11466.3 237
13238 238
16822 239
14060.3 240
13234.8 241
16366.6 242
15328.3 243
12190.2 244
13595.6 245
17253.5 246
24372.9 247
13834.2 248
8556.32 249
18972.9 250
17801.1 251
18166.5 252
18833.5 253
23193.1 254
23081.6 255
17932.6 256
20230.6 257
11974.7 258
16036.2 259
15273.8 260
10810.4 261
16312.5 262
16025.6 263
16265.8 264
19279.8 265
12909.4 266
17652.9 267
23958.7 268
19832.7 269
21166.7 270
17242.4 271
23380.5 272
21898.8 273
21997.5 274
20860.5 275
23048.5 276
18300.7 277
21017.2 278
21800.1 279
19070.9 280
19719.6 281
22552.1 282
21787.9 283
17681.2 284
22267.4 285
19772.8 286
34249.2 287
20894.6 288
19948 289
24435.5 290
29204.7 291
24796.8 292
23829.8 293
18746.2 294
24172.6 295
21842.5 296
23500.8 297
22192.4 298
29089.5 299
23331.9 300
