80.5543 5
152.197 6
100.235 7
70.8025 8
135.536 9
207.772 10
121.012 11
152.761 12
131.955 13
287.719 14
246.601 15
223.262 16
257.101 17
245.756 18
131.32 19
162.006 20
236.846 21
5512.45 22
3535.4 23
4550.81 24
4239.99 25
1560.38 26
7945.03 27
7375.91 28
3203.98 29
6957.14 30
4906.98 31
4076.86 32
3414.42 33
2468.64 34
1128.4 35
2801.1 36
4270.75 37
4962.15 38
6730.21 39
3191.83 40
4758.55 41
4557.29 42
1708.77 43
4159.44 44
3661.68 45
622.671 46
3916.59 47
4673.54 48
3951.22 49
3001.8 50
4168.52 51
3343.75 52
928.98 53
931.399 54
3630.67 55
713.772 56
2057.23 57
512.139 58
2574.4 59
1602.71 60
2542.44 61
1834.02 62
1510.51 63
1084.88 64
1873.92 65
1674.6 66
1778.05 67
1793.23 68
1993.12 69
1155.84 70
2035.48 71
1207.59 72
727.278 73
1926.56 74
3686.18 75
1403.19 76
4519.96 77
1182.59 78
1212.16 79
4131.9 80
980.034 81
1474.95 82
6474.24 83
1100.97 84
1347.16 85
1956.75 86
2729.28 87
1267.89 88
3675.92 89
3989.17 90
1252.92 91
3021.87 92
2932.79 93
852.326 94
4222.99 95
4391.82 96
1156.76 97
3436.1 98
5188.84 99
2121.62 100
2588.87 101
1515.89 102
2741.07 103
3613.39 104
6438.72 105
3225.84 106
2501.18 107
4218.96 108
2030.21 109
8444.58 110
2403.31 111
7428.6 112
5330.38 113
4001.89 114
8468.68 115
9854.62 116
3479.78 117
7101.91 118
2986.65 119
6812.28 120
1970.52 121
11602.8 122
984.271 123
3656.38 124
6742.77 125
12830.3 126
3026.38 127
4911.78 128
5361.94 129
3154.3 130
2280.31 131
8172.49 132
3155.25 133
3328.56 134
4414.02 135
6334.34 136
5455.98 137
3456.04 138
3719.57 139
1380.55 140
3386.26 141
3965.48 142
5089.96 143
2314.87 144
8633.16 145
16920.9 146
4855.42 147
8096.74 148
2618.38 149
4228.84 150
3303.19 151
5583.39 152
5560.39 153
7159.71 154
3959.51 155
6884.1 156
6262.06 157
7364.65 158
5330.93 159
8311.14 160
3565.89 161
5138.9 162
7872.24 163
9387.92 164
4052.89 165
4617.97 166
5775.73 167
7631.38 168
5563.55 169
3575.42 170
3225.96 171
12645.3 172
10042.8 173
5846.76 174
5563.51 175
6418.58 176
22712.7 177
4489.49 178
8705.83 179
5943.68 180
8772.41 181
3938.43 182
15025.1 183
6549.69 184
3440.46 185
4828.21 186
4570.31 187
8314.48 188
6449.88 189
4067.64 190
5759.85 191
8150.6 192
7360.24 193
10390.8 194
8389.75 195
6700.04 196
16675.3 197
11069.2 198
26633.7 199
3422.85 200
5877.73 201
10481.6 202
7091.96 203
9323.66 204
6599.35 205
13549.7 206
13584.8 207
8393.27 208
4368.66 209
8124.54 210
5306.46 211
4525.74 212
8151.85 213
3989.67 214
5281.05 215
5161.16 216
6305.65 217
8934.83 218
5262.59 219
5190.15 220
11301.8 221
4482.56 222
7117.15 223
7752.51 224
11294.3 225
10786.6 226
10402 227
8424.69 228
8758.06 229
11558 230
21229.5 231
10942.7 232
3935.86 233
7206.87 234
9576.93 235
5416.06 236
5742.06 237
27830.1 238
6401.84 239
4489.17 240
7879.88 241
6548.17 242
7218.64 243
7229.36 244
3680.84 245
9033.5 246
6735.98 247
8668.24 248
6055.01 249
5776.41 250
7515.5 251
11985.2 252
4684.49 253
11179.9 254
18041.8 255
7720.86 256
10747 257
4788.74 258
5952.48 259
7894.42 260
4695.93 261
3836.15 262
9898 263
5578.88 264
7895.77 265
5432.63 266
7651.1 267
7677.71 268
7467.06 269
6681.78 270
5220.43 271
5920.74 272
22526.2 273
4457.16 274
6619.62 275
9416.51 276
10198.1 277
15855.4 278
9563.51 279
9903.63 280
13318.1 281
10253.1 282
7858.42 283
10615.4 284
5948.22 285
11121.1 286
11303.8 287
7933.86 288
8264.11 289
19084.4 290
8887.01 291
9918.75 292
7776.13 293
14176 294
11480.9 295
9146.61 296
11758.7 297
13272.1 298
11550.3 299
9002.78 300
