148.489 7
58.1292 8
113.309 9
124.892 10
150.153 11
157.385 12
146.051 13
148.277 14
224.718 15
152.039 16
172.157 17
10709.4 18
3050.45 19
6989.92 20
6206 21
1573.43 22
1881.42 23
7001.04 24
6261.64 25
2230.19 26
1471.77 27
5629.31 28
1663.03 29
6799.02 30
3133.14 31
303.435 32
4648.35 33
1459.12 34
4024.02 35
5548.02 36
1710.28 37
779.723 38
3737.84 39
4135.2 40
4507.34 41
4823.75 42
1685.8 43
3496.79 44
1091.78 45
901.099 46
2957.87 47
5353.38 48
3678.99 49
1048.93 50
1186.32 51
2430.28 52
2330.23 53
1696.04 54
1625.31 55
1115.21 56
1864.19 57
789.29 58
1708.28 59
2290.17 60
2602.32 61
1896.22 62
1377.69 63
1595.55 64
5759.81 65
4014.83 66
790.59 67
1363.84 68
3425.46 69
5418.02 70
1405.44 71
2820.5 72
1092.97 73
4771.02 74
1435.6 75
1963.34 76
2685.02 77
5837.68 78
1897.9 79
2499.84 80
2821.31 81
1929.95 82
1831.4 83
4181.38 84
2179.39 85
4552.89 86
1055.34 87
1501.12 88
6081.01 89
5047.38 90
2982.05 91
5266.84 92
2332.96 93
2622.79 94
8159.16 95
3924.41 96
4380.84 97
2794.26 98
6255.38 99
3015.47 100
5556.96 101
3847.94 102
2367.98 103
4168.79 104
3408.25 105
3135.47 106
5635.36 107
7551.17 108
3874.97 109
1339.95 110
3629.63 111
1457.62 112
6563.91 113
4609.34 114
7565.01 115
10591.5 116
2830.64 117
5582.81 118
4157.94 119
4978.29 120
6505.59 121
5320.81 122
10502 123
6074.17 124
9746.64 125
5316.85 126
20243.8 127
9668.7 128
4473.09 129
3237.35 130
15604.9 131
5421.76 132
4815.92 133
5044.83 134
6651 135
8195.38 136
11063.3 137
8021.35 138
4423.6 139
8026.32 140
4852.93 141
6285.58 142
5723.86 143
8873.8 144
12173.3 145
4152.74 146
5685.7 147
18903.8 148
7369.63 149
9326.29 150
4036.93 151
5324.28 152
2167 153
6029.44 154
9891.38 155
19522.1 156
12850.4 157
7171.92 158
5431.85 159
4967.75 160
7977.98 161
8013.03 162
5384.02 163
6908.27 164
15215 165
6531.16 166
8211.76 167
7627.97 168
11551.1 169
6616.84 170
5706.56 171
9310.74 172
9022.76 173
7084.56 174
10621.2 175
12183.2 176
6405.73 177
13402.5 178
9803.96 179
11832.3 180
11194.7 181
9027.73 182
6291.59 183
7090.44 184
11404.6 185
11111.4 186
9613.93 187
15477.3 188
8554.55 189
12046.9 190
8627.65 191
12320 192
12563.2 193
7346.4 194
8504.76 195
7092.68 196
6894.08 197
11029.9 198
8662.47 199
24583.4 200
6526.26 201
7340.52 202
7812.25 203
5840.67 204
10922 205
6292.88 206
13502.9 207
14154.4 208
5698.05 209
11121.6 210
7341.77 211
18404.1 212
6532.23 213
7912.05 214
6502.25 215
7055.75 216
14058.8 217
6193.18 218
14659.8 219
9561.44 220
7442.4 221
9857.89 222
10447.5 223
24212.7 224
9917.41 225
13745.1 226
3066.76 227
7915.92 228
6425.31 229
1993.44 230
6013.57 231
9086.31 232
13988.3 233
5621.35 234
6929.11 235
9906.36 236
15365.4 237
9026.52 238
12643.4 239
7775.63 240
10408.1 241
4019.41 242
9654.24 243
5625.59 244
5310.4 245
6406.43 246
5339.47 247
14809.8 248
7107.08 249
4187.07 250
8000.41 251
7826.22 252
16846.8 253
6613.46 254
11778.1 255
16273.8 256
7917.08 257
7065.79 258
10857.6 259
7986.23 260
11132.9 261
10484.2 262
14329.6 263
9931.54 264
13090.3 265
13215.9 266
10823.9 267
11492.9 268
15482.9 269
15518.3 270
15016.9 271
13970.2 272
13288.6 273
12791.6 274
9392.26 275
9931.98 276
10951.3 277
9981.21 278
11895.3 279
11599.1 280
15938.3 281
14613.5 282
17125.5 283
13089.1 284
15801.9 285
11695.8 286
14811.6 287
16582 288
16267.7 289
26053.7 290
15709.9 291
20339.3 292
17126.9 293
17977.4 294
11809.5 295
18597.8 296
17942.7 297
19951.5 298
19808.4 299
16131.4 300
