99.7848 3
73.3757 4
565.262 5
80.8146 6
86.666 7
95.0999 8
124.391 9
118.899 10
35.5668 11
68.6222 12
87.8237 13
157.375 14
158.139 15
129.962 16
147.156 17
168.784 18
180.961 19
243.29 20
229.621 21
237.188 22
224.918 23
176.924 24
211.585 25
181.48 26
218.602 27
228.563 28
173.055 29
246.089 30
202.662 31
3891.15 32
6102.06 33
4361.56 34
3872.79 35
3996.81 36
3528.62 37
5702.03 38
5549.16 39
3119.74 40
5293.64 41
3917.62 42
5054.23 43
6538.06 44
5419.2 45
3780.02 46
1944.73 47
1426.22 48
4313.58 49
4451.24 50
3079.18 51
5163.3 52
1909.57 53
322.858 54
4517.98 55
1794.03 56
4505.94 57
3686.92 58
5923.43 59
2822.36 60
2812.99 61
3655.14 62
1035.32 63
1712.32 64
2276.52 65
1038.86 66
926.334 67
1981.3 68
1523.79 69
3041.73 70
5392.17 71
1546.24 72
1391.61 73
1217.06 74
1718.9 75
3431.72 76
1088.29 77
1609.87 78
1129.08 79
2404.79 80
1397.42 81
1007.8 82
2938.87 83
1762.79 84
920.153 85
603.997 86
4395.81 87
13716.9 88
1000.28 89
2105.2 90
3354.02 91
6878.8 92
1224.53 93
2399.39 94
1877.84 95
872.641 96
1321.63 97
1718.09 98
1383.7 99
1004.91 100
3432.99 101
2274.8 102
463.267 103
2933.31 104
1826.22 105
4077.19 106
1621.06 107
2137.51 108
2218.44 109
3541.38 110
1786.2 111
9080.67 112
1673.05 113
8837.71 114
612.751 115
3896.32 116
5023.71 117
818.079 118
3522.29 119
1754.89 120
11856.8 121
1630.78 122
7072.41 123
2188.75 124
6377.44 125
2797.61 126
4738.02 127
1815.93 128
4418.87 129
1763.24 130
4279.09 131
1223.3 132
4198.03 133
4514.69 134
3921.47 135
3862.33 136
3059.66 137
1537.66 138
1078.54 139
2989.7 140
3290.58 141
2020.82 142
8149.78 143
2829.43 144
8641.83 145
7621.35 146
2214.45 147
8444.05 148
3566.9 149
2775.83 150
17317.6 151
8320.76 152
4969.29 153
3233.36 154
12276.6 155
6439.7 156
4717.16 157
2057.94 158
6633.64 159
4340.72 160
8648.21 161
6438.96 162
12616.2 163
3063.5 164
4604.35 165
2748.42 166
1925.96 167
3472.68 168
3407.6 169
3364.17 170
9606.5 171
6183.56 172
5129.93 173
11245.1 174
4104.52 175
7731.43 176
5287.93 177
7171.06 178
3983.75 179
3872.09 180
14980.5 181
7400.87 182
2869.09 183
4133.05 184
4230.85 185
1246.07 186
2875.23 187
17825.9 188
3421.32 189
24999.2 190
3729.2 191
27654.2 192
7058.92 193
10820 194
8288.51 195
12659.9 196
1986.02 197
5811.83 198
6008.53 199
12958.2 200
4453.56 201
3664.68 202
3849.15 203
4487.55 204
13878.3 205
5122.57 206
10185.8 207
7407.48 208
3255.53 209
5236.52 210
5296.41 211
6196.05 212
5170.85 213
4756.28 214
4567.51 215
7009 216
10480.5 217
1787.1 218
7773.87 219
4690.58 220
10935.2 221
5260.57 222
3704.97 223
3792.27 224
5081.64 225
4045.86 226
5300.39 227
5928.83 228
10016.5 229
4719.36 230
8314.95 231
3372.78 232
4746.66 233
10162.7 234
5111.76 235
8756.21 236
8072.84 237
18182.7 238
10777.6 239
5293.43 240
4618.22 241
6140.82 242
13135.4 243
13644 244
11286 245
9184.37 246
8379.79 247
5977.93 248
7386.69 249
12924 250
10946.4 251
13856.3 252
5344.48 253
3882.46 254
9870.89 255
6441.05 256
10767.7 257
7260.23 258
12414.5 259
6814.93 260
10682.1 261
7196.79 262
14459.9 263
18643.9 264
10945.5 265
4886.05 266
6059.36 267
4003.3 268
8199.27 269
12374.4 270
7688.91 271
8752.08 272
9565.13 273
9279.88 274
10529.5 275
11615.2 276
5763.61 277
7124.7 278
3533.37 279
8187.49 280
5099.05 281
6307.29 282
4483.84 283
8317.14 284
3742.32 285
7788.62 286
7074.38 287
9068.1 288
5474.73 289
16157.6 290
5184.77 291
4956.97 292
8805.93 293
10078.7 294
6294.19 295
12536.2 296
8711.33 297
3934.98 298
10615.7 299
10315.8 300
