30.9354 5
40.9023 6
30.8707 7
31.7805 8
66.5658 9
24.8596 10
68.5711 11
85.9244 12
80.1124 13
106.123 14
100.514 15
168.155 16
138.08 17
256.094 18
272.742 19
91.9511 20
234.968 21
2316.09 22
6415.51 23
8451.51 24
5511.75 25
4525.86 26
5673.76 27
1825.63 28
1382.2 29
6099.11 30
7908.99 31
1505.87 32
4082.79 33
3051.86 34
4738.06 35
3815.75 36
946.944 37
458.459 38
1872.86 39
1961.45 40
3617.93 41
8677.28 42
6245.58 43
2907.18 44
2615.16 45
998.76 46
3483.89 47
3021.55 48
3376.29 49
1869.41 50
4196.32 51
4226.26 52
3156.45 53
1283.73 54
4210.99 55
2607.26 56
3710.18 57
2218.11 58
2616.79 59
1274.92 60
358.558 61
1477.54 62
3543.79 63
1276.02 64
455.256 65
1048.82 66
908.709 67
4125.07 68
4209.3 69
576.873 70
728.113 71
1304.07 72
1846.76 73
1053.76 74
1150.62 75
1462.08 76
3405.3 77
7878.65 78
566.309 79
1080.89 80
3520.74 81
2111.07 82
1737.55 83
929.243 84
1424.8 85
6253.18 86
599.275 87
1243.43 88
6020.08 89
1256.22 90
6222.63 91
2265.23 92
1197.11 93
1743.08 94
6011.11 95
11849.3 96
6117.92 97
18823.2 98
19194.3 99
6306.79 100
17105.8 101
4301.32 102
756.868 103
13316.3 104
1618.83 105
4205.59 106
7955.49 107
1556.79 108
3547.9 109
25847.3 110
8972.66 111
5669.88 112
11814.2 113
6307.23 114
1803.59 115
3472.02 116
3069.46 117
6613.53 118
2842.95 119
5733.39 120
2203.11 121
3558.98 122
4241.71 123
4139.31 124
1290.3 125
2313.14 126
6200.55 127
2271.46 128
5117.06 129
3145.3 130
9019.64 131
12021.2 132
3384.5 133
11537.8 134
11322.8 135
5041.01 136
3582.45 137
3452.34 138
3473.67 139
5030.07 140
3406.79 141
4926.65 142
3423.95 143
6457.27 144
4350.58 145
4855.79 146
4545.54 147
7323.79 148
5424.02 149
4679.78 150
4490.47 151
5331.05 152
5936.82 153
4223.66 154
6337.69 155
4295.47 156
5341.25 157
4605.97 158
3570.58 159
8857.21 160
4844.76 161
4459.36 162
8067.12 163
5764.42 164
8241.66 165
6387.87 166
6149.34 167
6213.27 168
6998.09 169
5497.21 170
4947.35 171
5616.82 172
5636.35 173
5584.94 174
7004.04 175
4046.09 176
19383.8 177
8206.57 178
7111.68 179
5077.73 180
10248.7 181
3029.74 182
23786.2 183
4689.6 184
12838.3 185
6553.19 186
3957.62 187
10823.7 188
9762.68 189
5867.89 190
8936.74 191
7294.05 192
8024.62 193
4196.31 194
6321.62 195
3442.11 196
7857.08 197
4604.92 198
8482.01 199
9015.39 200
12000.5 201
10146.5 202
9566.31 203
16747.5 204
10678.3 205
6152.1 206
8201.04 207
1507.08 208
5498.47 209
8142.12 210
7569.08 211
5496.57 212
10007.1 213
4840.54 214
11606.8 215
11143.1 216
9052.4 217
17981 218
18995.8 219
4125.89 220
5762.85 221
7806.9 222
5990.52 223
12413 224
15705.3 225
7572.46 226
6630.32 227
9228.07 228
12474.4 229
9876.2 230
8060.95 231
6685.76 232
11429.1 233
5972.15 234
5623.18 235
4415.26 236
4420.4 237
5031.67 238
7350.68 239
2753.65 240
10354.3 241
6672.49 242
5526.67 243
9789.76 244
8905.79 245
6736.17 246
7251.51 247
3399.28 248
6471.54 249
5005.68 250
5406.98 251
4468.13 252
5800.11 253
12060.4 254
6441.31 255
10458 256
7553.13 257
6189.98 258
3239.17 259
7854.94 260
6356.35 261
5493.69 262
8806.02 263
11654.9 264
8110.5 265
19097.5 266
7697.93 267
7825.93 268
5632.61 269
8614.95 270
5652.1 271
9533.33 272
6746.43 273
9287.84 274
14538 275
11058.7 276
6479.76 277
7721.76 278
5676.41 279
6860.1 280
8250.82 281
6402.21 282
5708.5 283
7403.92 284
10900.8 285
9137.85 286
11894.2 287
8185.95 288
10046.6 289
11063.4 290
10858.5 291
8584.44 292
7695.35 293
6834.97 294
9108.52 295
12329.2 296
12532.6 297
10567 298
13010.3 299
22775.9 300
