27.2947 9
61.3922 10
38.2099 11
24.5967 12
101.642 13
101.838 14
19.2094 15
93.6643 16
6180.57 17
8428.68 18
6400.94 19
3544.09 20
5195.34 21
12396.7 22
6668.61 23
2892.12 24
2397.81 25
2358.72 26
1914.59 27
1251.65 28
973.406 29
1712.29 30
5396.55 31
7257.26 32
2574.3 33
3272.54 34
4605.42 35
3668.5 36
290.04 37
4077.8 38
3054.6 39
454.319 40
4314.12 41
2289.1 42
4243.66 43
2695.1 44
1693.54 45
1640.09 46
2281.99 47
2456.36 48
1823.15 49
3062.55 50
780.281 51
866.185 52
1103.83 53
1707.11 54
1139.33 55
2362.09 56
2396.48 57
2591.78 58
937.964 59
4017.2 60
2602.88 61
3762.77 62
2836.42 63
1918.18 64
1572.64 65
2959.56 66
2250.94 67
1946.69 68
2469.76 69
2420.09 70
1847.39 71
3467.55 72
5935.8 73
1966.78 74
557.294 75
1991.58 76
4959.32 77
1426.03 78
1498.45 79
15430.8 80
1252.05 81
3760.08 82
1792.8 83
1583.33 84
6859.26 85
2398.59 86
4857.42 87
9958.44 88
3271.82 89
4791.09 90
2933.14 91
2701.41 92
2156.51 93
4816.83 94
2111.71 95
6420.62 96
2962.2 97
6697.44 98
8731.66 99
15228.8 100
3723.99 101
4756.53 102
3230.01 103
8080.96 104
3671.53 105
11198.2 106
2940.43 107
2671.89 108
6301.46 109
3274.91 110
9166.96 111
4256.4 112
2448.29 113
4335.83 114
5642.14 115
18604.2 116
1181.15 117
5947.88 118
5376.36 119
8056.27 120
7773.58 121
7293.63 122
5353.23 123
7970.99 124
5534.89 125
5692.25 126
4279.49 127
8336.66 128
9832.06 129
11735.8 130
6295.03 131
10190.7 132
8660.44 133
6328.33 134
7781.29 135
9420.86 136
11485 137
5920.76 138
6710.14 139
13989.8 140
5672.55 141
4733.05 142
5804.26 143
11710.5 144
6035.89 145
3800.12 146
5962.96 147
10132.1 148
11696.8 149
5283.77 150
10338.7 151
10685.7 152
10608.9 153
5203.68 154
4574.05 155
10134.7 156
5487.53 157
8022.95 158
9298.05 159
7962.79 160
6261.23 161
8326.9 162
10688.3 163
18624.2 164
7759.03 165
9345.87 166
7428.49 167
7123.9 168
5594.58 169
10037.2 170
7338.37 171
6423.37 172
5127.27 173
11677.7 174
9956.76 175
6044.24 176
8127.89 177
6943.71 178
6887.62 179
8256.17 180
8232.49 181
9003.46 182
10743.2 183
5546.2 184
5069.18 185
9838.86 186
6537.97 187
5084.12 188
9316.94 189
7373.49 190
7320.08 191
9214.82 192
5830.7 193
6539.89 194
5262.39 195
9948.37 196
12013.3 197
6506.86 198
8289.78 199
8017.78 200
11553.7 201
4818.64 202
6520.47 203
10208.9 204
4129.72 205
11455.8 206
11652.3 207
8189.78 208
11019.5 209
10556.9 210
10913.1 211
8062.64 212
11799.8 213
8340.69 214
9976.67 215
8054.74 216
10136.1 217
14689.7 218
7901.42 219
9906.66 220
10245.5 221
9056.97 222
11801.5 223
11350.5 224
14344 225
8361.55 226
16107 227
15268.3 228
14787.9 229
13145.4 230
13215.8 231
21670.9 232
10456.8 233
15355 234
12678.7 235
12717.8 236
16862.2 237
9524.8 238
16441.6 239
19945.6 240
18854.9 241
20300.8 242
16867.8 243
12922 244
14765.2 245
17451.4 246
17598.8 247
13885.8 248
17266 249
21885.6 250
26458.7 251
14076.8 252
16280.8 253
16257.6 254
19021.8 255
16189 256
14564.1 257
21095.1 258
20900.7 259
19704.5 260
11507.6 261
17582.7 262
21849.4 263
26787.1 264
12396 265
19220.3 266
18377 267
28762.7 268
18487 269
27136.7 270
23829.6 271
11550.5 272
18009.3 273
17057.9 274
23331.5 275
29280 276
26426 277
16470 278
26864.6 279
29091.8 280
16779.7 281
21725.4 282
19705.4 283
24963.5 284
25248.9 285
24187.7 286
30572.3 287
22538.7 288
31020.6 289
29058 290
23623.6 291
25342.5 292
21438.3 293
20306.2 294
26188.1 295
20969.9 296
27272.9 297
19368 298
28805 299
27119 300
