34470.6 3
21.4009 4
17 5
37.3497 6
53.3948 7
48.5592 8
50 9
45.1221 10
103.663 11
41.4005 12
77.5177 13
104.47 14
123.223 15
141.241 16
99.0959 17
105.759 18
85.703 19
128.195 20
129.992 21
219.281 22
268.263 23
194.785 24
246.791 25
262.848 26
222.463 27
211.537 28
147.279 29
85.6971 30
184.564 31
-nan 32
1366 33
3048.37 34
7936.43 35
5487.25 36
1302.35 37
5534.44 38
16672.5 39
2813.62 40
1365.5 41
587.359 42
3511.82 43
5782.88 44
5342.42 45
3493.42 46
3250.64 47
4150.45 48
6471.51 49
4141.63 50
4156.25 51
1150.21 52
4680.3 53
4263.1 54
922.274 55
3621.98 56
2498.8 57
1530.39 58
1245.32 59
3736.71 60
877.408 61
2406.05 62
2162.42 63
14469.1 64
3846.16 65
157.582 66
2660.12 67
1062.52 68
4219.85 69
1875.03 70
1194.96 71
1572.29 72
1277.84 73
1039.97 74
709.551 75
998.429 76
1040.49 77
2928.21 78
1558.98 79
1303.3 80
568.765 81
1731.85 82
6473.39 83
2313.97 84
1546.1 85
821.892 86
3022.51 87
968.582 88
601.099 89
855.686 90
1108.62 91
970.385 92
1555.92 93
855.834 94
1925.18 95
1601.13 96
2017.19 97
1373.96 98
605.193 99
1475.82 100
1837.33 101
1470.08 102
2821.45 103
4337.56 104
1468.61 105
938.905 106
1868.56 107
1421.43 108
2578.38 109
1332.89 110
2548.18 111
4889.05 112
2412.1 113
1247.73 114
4981.38 115
1291 116
683.653 117
1085.9 118
2907.78 119
2844.56 120
2264.99 121
6755.12 122
566.396 123
8292.66 124
786.873 125
12084.2 126
396.594 127
6280.88 128
2002.55 129
24569 130
3709.9 131
2206.08 132
2494.99 133
2306.88 134
5008.52 135
4344.02 136
3743.82 137
4927.66 138
8970.54 139
1375.62 140
3092.95 141
1799.86 142
1528.06 143
1697.56 144
3321.46 145
4670.05 146
9493.17 147
2833.64 148
8488.26 149
4429.88 150
1013.54 151
3837.12 152
3932.53 153
2561.96 154
5407.25 155
20793.6 156
6239.37 157
2674.61 158
5675.55 159
3508.27 160
2870.67 161
1253.78 162
8633.77 163
4949.14 164
5007.71 165
3386.1 166
5121.61 167
4937.02 168
12586.7 169
4661.04 170
3050.41 171
2977.88 172
3743.74 173
4752.11 174
6261.09 175
3521.12 176
5929.07 177
10621.7 178
2769.12 179
2643.08 180
3091.92 181
4825.78 182
7509.46 183
13639.5 184
6629.7 185
8178.21 186
4337.18 187
4425.66 188
4298.21 189
5780.22 190
3886.41 191
3287.97 192
3887.28 193
13594 194
2947.58 195
3116.45 196
7392.36 197
1967.66 198
8721.21 199
4969.92 200
5422.99 201
4028.57 202
7299.26 203
3419.56 204
3006.19 205
5408.02 206
6303.17 207
17595.3 208
3985.72 209
10587.8 210
5274.14 211
4140.95 212
4637.69 213
7691.68 214
5182.15 215
3254.26 216
5931.9 217
3841.76 218
13512.1 219
8605.48 220
5069.24 221
6169.59 222
6577.82 223
6791.88 224
6629.56 225
13097.5 226
8061.8 227
9829.18 228
9949.43 229
4906.36 230
5114.16 231
5497.62 232
5155.07 233
3488.58 234
4011.33 235
7955.5 236
11787.3 237
3817.87 238
6000.09 239
4939.74 240
14591.1 241
7615.37 242
8096.89 243
3615.98 244
8644.78 245
3577.23 246
4921.53 247
8731.58 248
5512.31 249
7235.52 250
11885 251
11980.5 252
5116.49 253
15480.4 254
22787.8 255
5467.25 256
7221.55 257
9964.24 258
8909.89 259
8616.92 260
5151.05 261
12982.3 262
4588.02 263
4801.65 264
5285.19 265
4433.33 266
5693.19 267
23464.3 268
7466.69 269
9920.76 270
10082.8 271
5985.44 272
6496.39 273
11082.6 274
9606.19 275
7130.25 276
5441.04 277
6281.06 278
19378.6 279
3587.24 280
5625.75 281
3224.6 282
4971.15 283
7493.84 284
5451.79 285
13512.4 286
3813.28 287
5737.57 288
6593.04 289
8072.87 290
5431.07 291
15842.1 292
3243.26 293
5850.97 294
16118.9 295
7038.09 296
5641.92 297
4573.07 298
7436.1 299
7573.53 300
