28.931 7
19.5704 8
17.4356 9
50.6261 10
112.45 11
118.229 12
120.104 13
87.9602 14
102.044 15
113.569 16
90.1277 17
2555.05 18
7598.85 19
7385.71 20
8418.41 21
7227.13 22
8437.25 23
2320.35 24
4909.76 25
2170.12 26
3604.21 27
4205.74 28
1572.65 29
4049.72 30
1595.61 31
5777.83 32
6327.45 33
2268.43 34
3584.15 35
758.902 36
740.444 37
4684.48 38
1842.61 39
3403.5 40
4383.41 41
2385.06 42
5213.25 43
2105.63 44
2682.75 45
3100.56 46
880.361 47
1203.92 48
1767.44 49
2717.38 50
2307.77 51
1476.95 52
1834.28 53
2246.51 54
907.982 55
1207.42 56
3436.4 57
1428.09 58
529.807 59
1878.62 60
1613.77 61
3024.73 62
6950.68 63
824.404 64
2166.93 65
864.853 66
3015.13 67
977.451 68
3035.07 69
1605.01 70
3095.14 71
6872.82 72
1226.81 73
1659.74 74
1765.01 75
2164.58 76
1995.05 77
2080.97 78
2563.04 79
2872.64 80
1121.27 81
10860.8 82
1574.02 83
747.27 84
4935.21 85
1967.75 86
1104.51 87
9311.06 88
1772.8 89
1848.48 90
4457.94 91
2551.15 92
2934.31 93
12724.4 94
2820.32 95
6417.44 96
1453.13 97
5719.62 98
6375.41 99
5119.99 100
4024.5 101
3397.62 102
7232.04 103
1427.83 104
4522.49 105
3737.4 106
7830.66 107
2448.35 108
11097.3 109
3416.81 110
14513.7 111
5447.36 112
1163.69 113
8647.31 114
3288.5 115
10609.4 116
10720.7 117
4822.29 118
3832.54 119
4131.71 120
3645.6 121
8095.84 122
2645.27 123
13617 124
2661.73 125
6571.88 126
4388.68 127
5540.07 128
4831.43 129
4098.52 130
3837.06 131
7412.15 132
4619.4 133
20651.9 134
4795.36 135
2778.42 136
4758.15 137
9175.67 138
5473.7 139
9269.65 140
6350.22 141
11306.8 142
11517.3 143
10390.9 144
8243.62 145
3133.44 146
9289.99 147
10716.9 148
5221.8 149
8296.91 150
11898.2 151
3507.55 152
6028.92 153
13251.5 154
5516.57 155
5835.69 156
3012.02 157
12132.9 158
6099.17 159
4832.44 160
9013.27 161
7766.59 162
4562.95 163
7924.09 164
9252.26 165
9664.61 166
4525.05 167
8061.04 168
7037.36 169
7079.15 170
7284.13 171
6945.05 172
10916.8 173
4451.11 174
5565.47 175
12615.9 176
3777.47 177
10944.8 178
10450.9 179
13173.8 180
11068.4 181
7795.54 182
11395.5 183
19075.9 184
11275.7 185
14158.9 186
9675.44 187
7130.34 188
9169.78 189
9883.2 190
8000.94 191
8288.81 192
7116.02 193
12401.6 194
10548.2 195
10457.6 196
10362.6 197
5614.64 198
6522.31 199
5388.11 200
6074.32 201
26556.5 202
29293.7 203
16208.6 204
7018.84 205
12125.1 206
7414.28 207
14489.2 208
5915.87 209
7175.78 210
9197.35 211
23175.6 212
43512 213
56678.5 214
6631.16 215
9512.92 216
7978.82 217
10352 218
8994.38 219
7248.54 220
6388.71 221
6993.08 222
6354.58 223
6643.83 224
10153.2 225
6153.44 226
5736.89 227
7707.99 228
4642.02 229
7970.48 230
5518.08 231
8956.5 232
9949.1 233
8510.84 234
5709.82 235
7920.55 236
4921.45 237
7126.55 238
9121.48 239
13400.6 240
14295.2 241
9351.57 242
6211.65 243
11413.3 244
11281.3 245
10208.8 246
8544.16 247
16173.6 248
15306.4 249
11286.1 250
12453 251
10941.8 252
13473 253
13856.5 254
9851.52 255
10532.7 256
11111 257
10245.3 258
7802.55 259
12228.1 260
14293.3 261
13119.8 262
12952.9 263
15269.6 264
11151 265
16992 266
12291.3 267
16565.7 268
14964.7 269
13141.3 270
14844.9 271
11341.5 272
13866.4 273
13756.5 274
12955.7 275
21532.6 276
12375.4 277
10200.4 278
15854.9 279
11967.2 280
17644.9 281
20098.7 282
14704 283
14361.1 284
20319.7 285
16739.7 286
16226.4 287
17218.3 288
11077.4 289
16968 290
13305.8 291
19594.5 292
15606.9 293
16524.2 294
18211.6 295
13308.8 296
16352.2 297
20208.1 298
18255.6 299
17405 300
