4539.22 3
11037.7 4
5065.94 5
7695.61 6
9568.1 7
5710.93 8
5335.92 9
11954.7 10
8947.86 11
5850.15 12
7299.46 13
6439.74 14
3067.71 15
4219.36 16
4654.69 17
8176.93 18
7898.68 19
6624.82 20
16889.9 21
9160.09 22
5053 23
6864.34 24
6308.9 25
3753.4 26
7643.56 27
5409.45 28
8406.38 29
5807.58 30
4850.91 31
7588.62 32
7875.03 33
7708.97 34
7871.41 35
6563.37 36
10147.3 37
10097.2 38
5413.9 39
7369.49 40
6793.11 41
6787.33 42
7672.24 43
7272.09 44
5252.41 45
18097.6 46
5775.57 47
8943.37 48
7873.81 49
8715.15 50
9940.07 51
5630.05 52
6298 53
6278.19 54
7375.98 55
7058.82 56
21192.4 57
6323.48 58
5053.31 59
7324.52 60
13162.8 61
12799.3 62
3658.08 63
6304.19 64
3380.27 65
7996.56 66
6090.57 67
5601.11 68
5523.8 69
7309.33 70
8713.66 71
5424.79 72
5563.5 73
7553.89 74
6080.82 75
3883.92 76
7797.11 77
12851.9 78
6687.62 79
5636.16 80
4983.61 81
7499.58 82
1622.95 83
17288.2 84
5385.17 85
3350.52 86
7852.04 87
18131.4 88
4198.97 89
3693.07 90
3426.7 91
1039.37 92
6864.33 93
3399.65 94
1954.39 95
5255.41 96
3760.62 97
7009.1 98
7207.61 99
11642.5 100
11094 101
3044.98 102
25837.2 103
7336.78 104
7400.22 105
8902.83 106
3821.03 107
6196.99 108
4521.67 109
3291.62 110
7351.46 111
10492.3 112
2833.25 113
4761.48 114
5283.08 115
6476.79 116
5653.61 117
9872.06 118
6283.65 119
3562.74 120
7783.35 121
4484.69 122
9235.76 123
5110.92 124
3857.18 125
5398.63 126
5248.12 127
10843.3 128
13248 129
3862.91 130
13487.5 131
4559.99 132
11037.3 133
6384.17 134
6303.9 135
5277.18 136
6535.49 137
4542.06 138
2178.67 139
5008.05 140
8359.52 141
6896.36 142
3969.29 143
4390.53 144
5156.73 145
15630.6 146
5538.56 147
5694.63 148
5272.4 149
4149 150
25182.9 151
8557.21 152
7009.62 153
7236.57 154
19804 155
4640.57 156
5514.33 157
5376.12 158
6637.97 159
5176.37 160
6060.6 161
4501.09 162
6698.57 163
9643.88 164
13710.6 165
5854.38 166
5488.58 167
14593.2 168
4888.48 169
11330.7 170
9406.5 171
5500.33 172
9095.46 173
23242.6 174
7127.92 175
8917.47 176
7168.99 177
10315.4 178
7683.98 179
8725.79 180
8826.72 181
7361.08 182
10646.1 183
17103 184
7899.03 185
8101.64 186
9634.21 187
6654.96 188
10089.3 189
7128.65 190
9525.36 191
8798.98 192
7247.81 193
11110.3 194
11601.3 195
8506.95 196
4039.12 197
13811.1 198
11519.5 199
17418.6 200
13765.7 201
5425.29 202
9779.79 203
13844.2 204
13940 205
8375.01 206
7113.37 207
5754.27 208
14467.8 209
8078.47 210
22445.8 211
10223.4 212
7095.44 213
22585.6 214
9738.55 215
11415.2 216
17420.2 217
8063.34 218
11912.9 219
7644.78 220
10745.8 221
10617.6 222
6623.82 223
10454.8 224
13568.4 225
8705.92 226
10347.1 227
6768.95 228
8684.9 229
7407.45 230
6114.51 231
6104.13 232
6289.96 233
6856.09 234
5384.17 235
8594.81 236
7591.69 237
5897.06 238
5471.36 239
7746.55 240
5083.4 241
10058.6 242
8887.39 243
6766.92 244
8592.22 245
3551.36 246
4905.34 247
5117.38 248
7316.16 249
6158.75 250
5338.83 251
8873.67 252
9458.11 253
5623.61 254
3951.9 255
4180.75 256
4394.36 257
8277.99 258
10598.4 259
2923.78 260
7137.35 261
8677.87 262
4370.58 263
4007.72 264
7919.3 265
3434.94 266
6466.39 267
5728.78 268
19297.2 269
6754.17 270
5153.63 271
4676.97 272
7062.16 273
10570.7 274
9478.53 275
7640.64 276
6869.79 277
8022.98 278
9241.55 279
10388.6 280
5150.78 281
10125.8 282
4823.38 283
10149.9 284
6436.98 285
7476.16 286
8427.95 287
6143.74 288
6335.85 289
8670.48 290
14268.7 291
6093.48 292
4688.99 293
7112.02 294
9103.64 295
5168.24 296
6478.79 297
9736.22 298
5398.22 299
7993.7 300
