6431.93 9
4744.11 10
7004.74 11
4109.07 12
4648.8 13
4148.72 14
4784.21 15
6554.76 16
5579.66 17
4355.87 18
4623.92 19
5481.33 20
4979.36 21
9194.53 22
2971.5 23
4847.59 24
6671.32 25
3818.73 26
6140.2 27
3780.01 28
6979.09 29
6680.46 30
6890.47 31
4445.19 32
6986.45 33
5768.01 34
5868.08 35
6725.28 36
7888.09 37
7751.76 38
8123.62 39
7367.32 40
5229.67 41
2718.56 42
5565.19 43
10286.5 44
8144.08 45
6631.89 46
4331.98 47
5363.14 48
6389.64 49
6004.43 50
6424.93 51
5402.37 52
2979.18 53
4728.87 54
5381.97 55
3685.98 56
5315.55 57
4755.52 58
19491.9 59
4178.8 60
5307.33 61
5801.55 62
5260.94 63
6168.44 64
3597.02 65
8172.58 66
5468.43 67
5499.48 68
8191.58 69
17188.2 70
6426.98 71
8522.91 72
8257.88 73
3844.47 74
5526.03 75
5415.34 76
5898.62 77
7376.18 78
5599.25 79
4402.01 80
4691.69 81
5388.21 82
7751.22 83
3682.25 84
9641.26 85
17494.2 86
7540.47 87
5484.24 88
10223.4 89
17721 90
4138.78 91
3995.81 92
6346.77 93
8702.7 94
2683.55 95
10596 96
5587.01 97
11654.6 98
47706.4 99
1810.01 100
15154.7 101
7129.46 102
8591.59 103
8252.42 104
5484.26 105
5041.39 106
18271.2 107
4050.09 108
8692.77 109
10251.9 110
6439.4 111
6794.84 112
9124.12 113
12713.8 114
6559.65 115
11172.9 116
10023.7 117
16260.2 118
9030.57 119
5589.43 120
17307.7 121
9269.03 122
10370.3 123
7201.43 124
8539.32 125
24485.4 126
18603.3 127
45323.3 128
48623.8 129
18427.2 130
7479.54 131
13682.6 132
28056 133
9203.78 134
11587.1 135
27962.2 136
13595.1 137
5077.93 138
10318 139
10757.2 140
16390.7 141
10571.1 142
18315.7 143
11471.4 144
18759.6 145
14238.5 146
13105.2 147
17785.7 148
10238 149
12486.9 150
9653.48 151
13806.7 152
14317 153
11173.9 154
14710 155
13248.7 156
10818.9 157
16051.4 158
13736.8 159
12339 160
10595.4 161
13487.6 162
10985.6 163
15584.6 164
10652.2 165
5687.25 166
9001.53 167
14237.5 168
10058.2 169
5858.31 170
7817.84 171
12217.7 172
11880.5 173
8981.86 174
7545.54 175
11330.4 176
10979.1 177
12864.3 178
6800.65 179
7855.74 180
5133.01 181
10560.1 182
9589.04 183
10046.4 184
7901.11 185
11758.8 186
13074.4 187
17954.7 188
19519.4 189
14621.6 190
14500.8 191
11581.6 192
18013.4 193
15828.9 194
15101.2 195
20231.8 196
12935.1 197
9302.4 198
8347.78 199
7310.45 200
20513.1 201
19485.2 202
21720.8 203
11617.3 204
14683.7 205
12517 206
13750.8 207
10731.2 208
6580.08 209
15505.3 210
16225.9 211
17337 212
13051.8 213
-nan 214
15190.8 215
17553.4 216
19536.4 217
17813.8 218
19119.6 219
25141.1 220
16895.1 221
21485.2 222
19102.5 223
16802.6 224
31974.2 225
19224.3 226
-nan 227
16926.2 228
22982.5 229
18180 230
28517.6 231
5368.98 232
19291.8 233
25541.3 234
23181.6 235
22729.4 236
17525.9 237
21370.8 238
28491.4 239
23214.4 240
26463.8 241
28115.3 242
26120.2 243
19773.8 244
12919.5 245
24672.3 246
23818.4 247
26515.1 248
27138.3 249
22025.7 250
23455.4 251
21579.7 252
20606.3 253
19430.2 254
12424.7 255
17902.3 256
26574.2 257
24738.8 258
33674.7 259
22924.3 260
25940.4 261
22143.4 262
25607.1 263
31662.1 264
24742.7 265
24847.8 266
30296.1 267
21505.1 268
29387.8 269
27629.1 270
27974.4 271
25194.5 272
27901.5 273
23592 274
27336.5 275
24263.5 276
23025.4 277
31696.5 278
24208.8 279
16300.6 280
32223 281
20207.5 282
28150.7 283
26993 284
32612 285
27390.9 286
30332.2 287
22475.9 288
18428.2 289
30251.5 290
27445.6 291
23343.4 292
15831.1 293
23084.4 294
30011 295
47669.2 296
19982 297
29452.7 298
25905.2 299
9208.1 300
