12348.2 7
7824.71 8
3166.36 9
4404.98 10
7665.34 11
4739.55 12
8956.08 13
8138.7 14
6621.47 15
3197.51 16
7184.41 17
7459.03 18
7481.93 19
4100.77 20
4657.45 21
4545.2 22
4345.57 23
4866.5 24
6727.46 25
4331.61 26
8392.81 27
3984.22 28
4777.48 29
5801.9 30
7402.71 31
7391.88 32
3394.81 33
8766.87 34
8621.21 35
6686.94 36
13028.4 37
6679.71 38
4326.49 39
10188.6 40
6428.45 41
5846.94 42
6558.19 43
6218.6 44
6904.67 45
7967.2 46
9650.9 47
5527.73 48
8925 49
3756.18 50
6603.82 51
4714.88 52
1568.94 53
18323.4 54
6816.34 55
6894.63 56
6391.68 57
7652.29 58
5474.22 59
2433.8 60
6178.84 61
9369.22 62
6755.12 63
4839.88 64
3239.97 65
6561.32 66
16650 67
3336.15 68
7881.11 69
6183.61 70
6523.56 71
4073.78 72
6945.01 73
3840.2 74
3812.7 75
5209.69 76
2558.3 77
5404.42 78
2971.55 79
5761.83 80
5048.23 81
9558.23 82
4891.68 83
7528.8 84
5023.62 85
4956.15 86
5400.1 87
5192.08 88
4050.49 89
3541.91 90
4525.52 91
11654.9 92
7065.87 93
9999.81 94
7637.19 95
12625.4 96
9115.53 97
5372.06 98
8545.97 99
8864 100
8689.65 101
6052.77 102
8725.31 103
5206.92 104
8858.06 105
5005.21 106
9083.06 107
4510.26 108
7937.26 109
11178.8 110
5455.58 111
11493 112
10325.7 113
2805.4 114
8789.26 115
9199.86 116
9688.49 117
11769.7 118
15403.6 119
7111.59 120
4667.42 121
7537.67 122
7567.72 123
7421.15 124
7024.72 125
6242.53 126
11953.7 127
8834.55 128
7169.5 129
8931.86 130
8145.97 131
11945.5 132
7875.23 133
6493.46 134
14822.6 135
12061.7 136
9109.97 137
5052.12 138
18323.9 139
5205.09 140
10577.1 141
10390.7 142
15160 143
6505.85 144
7872.31 145
7699.39 146
6488.73 147
8055.86 148
8977.28 149
10111.5 150
15709.3 151
10238.6 152
9107.39 153
18783.9 154
23327.7 155
8103.15 156
14139.2 157
9168.96 158
9076.29 159
18029.4 160
9492.9 161
14373.6 162
12181.4 163
6660.44 164
18512.9 165
14223.2 166
12149.7 167
9119.87 168
15675.2 169
12270.4 170
11873.9 171
16659.6 172
14908.7 173
8279.94 174
16688.6 175
10593.9 176
12020.4 177
11253.7 178
8636.57 179
9857.76 180
7272.17 181
12912.7 182
4285.98 183
14581.7 184
5277.17 185
10892 186
11242 187
7853.23 188
10734 189
8108.22 190
9579.06 191
13816.9 192
9132.02 193
13879.5 194
10926.3 195
11589.2 196
7073.76 197
12057.7 198
12425.3 199
6683.53 200
6130.44 201
5160.04 202
9742.61 203
10533.7 204
8734.17 205
7996.04 206
10029.3 207
11309.5 208
8534.53 209
10900.9 210
7698.58 211
14597.3 212
10377.1 213
10951.1 214
11736.9 215
15835.4 216
20713.1 217
7003.19 218
15448 219
9548.58 220
12548.5 221
15738.5 222
17609.8 223
8012.99 224
8142.76 225
10499.3 226
10749.5 227
24547.7 228
14386.6 229
14685 230
17885.6 231
13499.9 232
15590.3 233
9674.44 234
16159.7 235
29504.6 236
12149.3 237
11379.7 238
11526.9 239
17401.5 240
11815 241
9575.41 242
18399.8 243
18931.8 244
16187.5 245
16807.8 246
11956.5 247
15874.5 248
11143.6 249
15119.4 250
18480.2 251
13164.5 252
19413.3 253
21708 254
19825.8 255
19793.9 256
11934 257
13634 258
11725.9 259
17962 260
21588.6 261
14622.4 262
21613.1 263
8896.03 264
36772.4 265
19099.1 266
18212.6 267
17442 268
9996.02 269
19204.9 270
18429.4 271
17245.4 272
21968.6 273
12042.1 274
19194.7 275
20946.4 276
28571 277
17075.5 278
20681.6 279
20127.6 280
25471.7 281
17312 282
31186.3 283
21015.6 284
21158.7 285
9689.23 286
23022.9 287
19765.1 288
15328.9 289
18467.4 290
26768.2 291
35693.3 292
20787.4 293
23634.7 294
22049.2 295
23421.6 296
24764.7 297
19844 298
27026.8 299
25192.4 300
