3915.38 5
5189.13 6
4429.21 7
5942.16 8
2286.7 9
4946.44 10
4917.51 11
4367.81 12
8326.46 13
5149.93 14
5112.79 15
8152.42 16
5178.57 17
7325.66 18
5221.34 19
5849.71 20
9033.83 21
5781.09 22
7638.85 23
4418.76 24
7577.39 25
4080.58 26
5577.02 27
8395.17 28
5246.82 29
7880.61 30
7204.2 31
8780.06 32
5339.77 33
8501.45 34
9933.88 35
9000.62 36
8358.03 37
4976.62 38
4089.21 39
7898.55 40
8011.17 41
19320.4 42
6503.65 43
7271 44
8198.83 45
7442.02 46
6849.1 47
9284.01 48
7956.64 49
5384.79 50
5816.65 51
8205.39 52
8153.95 53
5926.15 54
4873.41 55
6579.44 56
4782.88 57
6204.75 58
9391.15 59
3706.43 60
3801.96 61
5177.12 62
9914.54 63
4542.54 64
3381.41 65
5562.1 66
4934.86 67
8776.05 68
4002.4 69
3515.46 70
5504.33 71
3807.88 72
3665.84 73
3067.93 74
6254.8 75
4161.39 76
3521.25 77
9063.89 78
4978.08 79
3511.74 80
5445.25 81
4641.59 82
3718.45 83
6371.6 84
3990.98 85
3270.6 86
5002.12 87
2999.16 88
3256.01 89
3506.76 90
2527.26 91
7239.92 92
2958.83 93
4684.74 94
5096.93 95
2184.42 96
11484.3 97
1599.36 98
4868.66 99
7402.66 100
3912.1 101
5200.67 102
4896.9 103
10367.5 104
5035.39 105
5001.97 106
7754.17 107
7199.74 108
4779.49 109
3854.47 110
10022.5 111
4060.74 112
5998.9 113
4258.72 114
13937.6 115
2289.38 116
3063.5 117
6350.14 118
3068.31 119
16623.9 120
8676.25 121
5695.61 122
7320.72 123
4673.82 124
8107.5 125
5521.93 126
10675.8 127
7525.42 128
6035.72 129
5318.49 130
6102.09 131
13310.3 132
14239.7 133
4322.38 134
7083.46 135
5126.97 136
10499.2 137
4239.68 138
9539.67 139
7741.52 140
12575.2 141
8434.59 142
10605.3 143
9312.23 144
7081.18 145
17434.1 146
7221.17 147
4252.17 148
12364 149
7594.14 150
13709.3 151
7095.57 152
9521.57 153
3262.52 154
8744.8 155
8241.09 156
12301.8 157
4908.85 158
8273.78 159
10912.3 160
6790.35 161
9885.94 162
6261.19 163
6770.42 164
10087.4 165
13496.7 166
10898.1 167
18613.4 168
7615.68 169
11817.8 170
9798.04 171
5359.78 172
6427.39 173
14189.8 174
7192.94 175
12506.1 176
8487.52 177
7735.62 178
14376.8 179
10534.2 180
12752.3 181
6234.66 182
11508.3 183
10026.5 184
8030.57 185
9459.29 186
10697.9 187
8800.33 188
11136.4 189
18940.6 190
13665.2 191
12274.7 192
13154.3 193
12620.4 194
9482.03 195
7609.08 196
7873.63 197
12355.9 198
17972.8 199
14778.5 200
11751.5 201
15825 202
9125.96 203
13849 204
12615.3 205
11903.4 206
11945.3 207
9014.25 208
7458.6 209
16881.3 210
11573.1 211
9220.24 212
12560 213
7960.92 214
12158.6 215
11224.8 216
8904.55 217
8956.65 218
8850.92 219
8185.3 220
5731.01 221
6567.87 222
4985.35 223
5776.15 224
5563.92 225
8663.92 226
14964.5 227
6478.13 228
5285.13 229
9793.63 230
8228.19 231
2916.32 232
5693.77 233
7699.14 234
7592.67 235
4894 236
9277.82 237
8885.9 238
8625.88 239
12849.6 240
10365.2 241
10362.8 242
8066.93 243
6506.85 244
7641.06 245
9035.08 246
5052.07 247
12049.4 248
6808.27 249
11740.4 250
8474.93 251
8454.85 252
8128.15 253
12695.9 254
5173.85 255
24033.9 256
10658.4 257
13546.3 258
9636.61 259
8523.75 260
7764.8 261
13014.4 262
12092.7 263
8966.29 264
18661.4 265
12184.7 266
6590.65 267
13001.8 268
9297.69 269
4465.31 270
5801.09 271
13913.2 272
8622.23 273
12184.5 274
14869.8 275
7842.06 276
15666.8 277
17188.6 278
18610.1 279
12626.6 280
16561 281
12737 282
12854.7 283
9175.82 284
14657.8 285
14019.1 286
13140.8 287
16886.6 288
14143.7 289
27487.4 290
19259.4 291
12702.6 292
15292.3 293
10134 294
9382.35 295
13046.3 296
11683.9 297
12976.9 298
13557 299
15192.3 300
