11.1355 7
21.3776 8
63.561 9
44.8107 10
64.5678 11
120.632 12
62.8808 13
128.25 14
224.404 15
131.244 16
173.245 17
184.312 18
228.865 19
312.392 20
278.289 21
350.708 22
303.074 23
337.775 24
353.819 25
288.019 26
4256.65 27
326.069 28
370.575 29
224.47 30
285.521 31
471.241 32
410.371 33
449.661 34
372.607 35
291.347 36
810.413 37
391.714 38
450.283 39
870.839 40
1051.49 41
283.632 42
287.265 43
955.954 44
754.701 45
2504.45 46
2378.05 47
863.262 48
910.389 49
996.703 50
840.17 51
1982.67 52
649.847 53
2135.3 54
476.565 55
1143.41 56
597.176 57
1843.66 58
825.474 59
1363.06 60
1264.67 61
1305.47 62
2225.97 63
1729.07 64
1797.06 65
1503.95 66
4083.59 67
2194.82 68
1986.63 69
3445.96 70
1453.61 71
5834 72
2706.87 73
1371.3 74
2232.87 75
1671.81 76
1704.97 77
1656.55 78
2630.12 79
1584.62 80
2160.26 81
10292.9 82
2430.83 83
1960.52 84
4804.97 85
2198.46 86
9929.62 87
4731.61 88
12715.4 89
13593.8 90
2388.71 91
6421.7 92
1158.1 93
3633.81 94
5377.7 95
1059.74 96
4451.42 97
2329.6 98
9681.53 99
5005.05 100
5415.13 101
3840.14 102
5163.69 103
3802.46 104
4907.26 105
6473.8 106
6686.19 107
7596.98 108
6512.77 109
6532.27 110
2067.43 111
11622.9 112
2553.8 113
5359.54 114
3187.45 115
5146.28 116
4137.44 117
2849.95 118
5810.05 119
3430.62 120
4175.14 121
2799.73 122
7203.52 123
12901.6 124
5482.78 125
3497.44 126
1096.35 127
2322.37 128
19377 129
6302.17 130
24457.8 131
6546.48 132
2969.53 133
4084.42 134
4814.34 135
10398.9 136
12752.1 137
6852.21 138
12723.3 139
10255.4 140
20490.8 141
5632.57 142
8293.08 143
16746.6 144
6249.91 145
6167.2 146
4863.16 147
26001 148
12283.3 149
10551.1 150
11489.8 151
8185.52 152
24813 153
7215.79 154
10597.7 155
8285.87 156
32616.9 157
11521.1 158
15153.9 159
17091.9 160
9250.18 161
9840.97 162
16767.9 163
8662.53 164
11657.8 165
11243.1 166
7560.06 167
35280.6 168
9773.74 169
9991.79 170
8803.37 171
11292.8 172
7835.73 173
15298.7 174
5402.62 175
8566.46 176
3503.24 177
7089.78 178
5200.35 179
3463.98 180
5614.1 181
6918.72 182
5092.89 183
6626.18 184
9266.71 185
6507.66 186
6303.45 187
11025.3 188
39105.2 189
5288.84 190
7731.04 191
6167.64 192
6888.07 193
9434.58 194
9949.9 195
5934.58 196
8233.18 197
10896.1 198
6382.68 199
6623.05 200
8264.95 201
13389.1 202
5911.11 203
9450.49 204
7310.44 205
9309.51 206
9129.46 207
9444.83 208
10289.7 209
6163.87 210
9732.13 211
10658.6 212
10257.6 213
11547 214
5843.92 215
14586.1 216
8635.7 217
11374.4 218
6728.07 219
11523.2 220
9862.37 221
14786.4 222
8679.75 223
12489.8 224
11411.5 225
9800.33 226
11083.7 227
6297.8 228
11720.4 229
16701.1 230
7840.33 231
12755.5 232
9208.87 233
15763 234
9925.96 235
11591.5 236
20045.3 237
7901.24 238
9127.04 239
10897.9 240
10176.3 241
8894.18 242
11216.6 243
9511.59 244
10682.7 245
12843.6 246
16010.8 247
11188.5 248
9048.86 249
14301.3 250
15819.6 251
15991.5 252
11202.9 253
15724.6 254
22971 255
15768.7 256
12253.3 257
8853.14 258
8601.59 259
16657.8 260
13511.9 261
22675.9 262
18449.8 263
17040.1 264
15382.1 265
12241.4 266
17150.3 267
20085.8 268
15984.4 269
12292.5 270
17372.4 271
18214.1 272
18843.2 273
18491.6 274
19529.6 275
19054.7 276
15003.3 277
15109.3 278
14384 279
17663.3 280
17202.8 281
17704.6 282
16891.6 283
16935.9 284
20326.4 285
23598.6 286
20250 287
14720.1 288
20597.4 289
19349.1 290
16479.3 291
16109.5 292
16278.5 293
12883.3 294
17754.1 295
20773.6 296
22725 297
22663.9 298
24332.8 299
14070.3 300
