6.32456 3
9.38083 4
16.0312 5
27.9821 6
23.8747 7
57.6715 8
66.34 9
80.5233 10
76.642 11
74.5453 12
62.562 13
77.1492 14
166.514 15
133.533 16
138.445 17
150.16 18
189.618 19
122.805 20
172.36 21
207.548 22
176.641 23
137.343 24
262.614 25
248.753 26
269.16 27
297.935 28
189.185 29
220.241 30
260.898 31
230.343 32
318.174 33
85.8487 34
1968.13 35
767.401 36
297.091 37
158.792 38
139.564 39
252.856 40
578.722 41
192.736 42
56.0625 43
233.032 44
2298.39 45
223.826 46
338.97 47
55.0454 48
116.735 49
262.221 50
299.02 51
248.375 52
125.371 53
203.113 54
177.192 55
133.21 56
342.758 57
281.894 58
791.023 59
80.7465 60
1781.11 61
67.5278 62
441.699 63
2251.91 64
974.025 65
405.533 66
43.589 67
897.07 68
716.173 69
211.847 70
1160.19 71
86.0814 72
65.2687 73
52.345 74
192.245 75
338.916 76
199.324 77
180.654 78
162.711 79
246.763 80
5271.39 81
856.246 82
184.421 83
438.876 84
700.699 85
1848.42 86
164.876 87
529.981 88
199.625 89
3532.31 90
608.541 91
140.157 92
1720.46 93
179.842 94
151.911 95
1893.94 96
211.4 97
112.526 98
3151.83 99
127.256 100
89 101
88.2666 102
1253.87 103
222.023 104
499.228 105
606.871 106
117.06 107
111.937 108
2483.55 109
772.944 110
793.301 111
1054.23 112
1738.24 113
1949.43 114
3041.82 115
1344.27 116
2753.89 117
725.523 118
4082.19 119
2533.69 120
163.539 121
2356.37 122
183.845 123
1452.56 124
2693.65 125
2506.61 126
6264.09 127
976.054 128
733.946 129
233.959 130
1364.21 131
197.241 132
3336.66 133
178.135 134
2557.39 135
2259.48 136
1487.91 137
3260.74 138
2130.4 139
304.508 140
18733.7 141
663.709 142
313.152 143
20273.6 144
839.89 145
2547.12 146
495.775 147
4453.69 148
2028.24 149
1384.05 150
2822.74 151
3206.34 152
4563.4 153
4366.92 154
7103.28 155
302.132 156
1092.88 157
2417.35 158
1521.78 159
8048.36 160
699.495 161
1885.38 162
716.411 163
1252.96 164
2669.12 165
744.294 166
1846.4 167
3403.54 168
1910.9 169
1430.14 170
2997.16 171
16058 172
1821.71 173
1928.57 174
2683.8 175
1632.61 176
2859.69 177
2554.65 178
7238.58 179
2719.77 180
1245.1 181
1846.63 182
2895.84 183
2700.48 184
1852.77 185
600.848 186
19618.8 187
10822.8 188
8438.82 189
9026.88 190
6108.19 191
2007.8 192
790.996 193
920.522 194
3856.59 195
3585.92 196
2448.66 197
3575.87 198
4431.49 199
6621.19 200
6681.63 201
3999.05 202
2540.68 203
4879.99 204
2181.68 205
11104.2 206
4910.16 207
9347.65 208
2336.07 209
3580.4 210
4779.16 211
8370.35 212
4373.59 213
4534.33 214
21053.8 215
4203.72 216
4190.8 217
14836.6 218
12467 219
6102.35 220
6189.11 221
4679.81 222
4980.24 223
5291.84 224
5893.89 225
6572.58 226
3916.23 227
8089.54 228
5373 229
5697.34 230
4594.9 231
20466.6 232
6277.14 233
5190.35 234
8054.82 235
10853.2 236
16721.5 237
11685.7 238
6191.38 239
19059.4 240
10670.3 241
3735 242
8920.11 243
5180.38 244
8189.98 245
7361.42 246
5323.93 247
4410.5 248
5508.66 249
3459.24 250
4558.85 251
4741.42 252
16951.9 253
6620.82 254
21945.9 255
26973.9 256
35836.3 257
27817.2 258
34257.9 259
27372.4 260
27008.9 261
30319.1 262
28990.1 263
27450.2 264
26324.6 265
27751.1 266
29997.6 267
22798.3 268
29381 269
25785.4 270
25585.8 271
30446 272
28595.7 273
26365.7 274
32033.2 275
32397.5 276
22236.8 277
23118.8 278
29790.4 279
30625 280
30437.2 281
32775.4 282
28115 283
28338.8 284
18228 285
30477.4 286
21054.2 287
20649.8 288
23703.5 289
20908.1 290
18597 291
10765.6 292
21843 293
31360.2 294
24755.2 295
25004.8 296
22526 297
24510.5 298
27840 299
25466.9 300
