24.4131 9
34.2199 10
58.258 11
67.4833 12
64.9692 13
55.6597 14
153.512 15
145.619 16
204.797 17
199.063 18
386.873 19
234.815 20
438.532 21
326.103 22
267.541 23
298.402 24
386.526 25
384.064 26
259.654 27
332.131 28
414.243 29
12986.9 30
946.462 31
329.726 32
586.323 33
415.118 34
1132.42 35
704.449 36
563.606 37
609.05 38
2008.74 39
3168.78 40
3433.06 41
714.933 42
678.314 43
841.407 44
1161.18 45
1309.38 46
1530.97 47
1689.59 48
593.187 49
1157.66 50
969.75 51
868.855 52
2274.45 53
4734.85 54
1427.69 55
1025.16 56
1611.92 57
2261.44 58
2692.22 59
1965.93 60
2027.87 61
2336.71 62
2827.18 63
2113.27 64
1970.5 65
2990.7 66
13387.4 67
1527.62 68
1994.82 69
3700.41 70
1844.43 71
2619.69 72
6952.42 73
2439.48 74
1634.75 75
7891.8 76
1518.83 77
3319.91 78
2979.01 79
2324.36 80
4320.83 81
3847.03 82
2819.62 83
4534.75 84
1998.75 85
7237.47 86
2763.47 87
3972.83 88
5155.18 89
7801.4 90
2565.86 91
8120.27 92
2416.84 93
5994.92 94
3539.5 95
7950.07 96
3438.28 97
7359.32 98
9144.73 99
1294.64 100
4948.24 101
4370.83 102
12195.8 103
5110.55 104
4308.6 105
6562.56 106
9210.79 107
5819.47 108
6487.35 109
7836.98 110
10337.9 111
6238.92 112
4711.87 113
4288.01 114
9959.43 115
4981.59 116
5381.82 117
8484.31 118
5969.18 119
39067.5 120
5578.15 121
10767.4 122
9676.05 123
5862.87 124
7630.79 125
10070 126
7244.46 127
10237.7 128
2119.75 129
3955.81 130
10401.5 131
6813.51 132
6849.6 133
14455.3 134
7923.05 135
7957.93 136
19562.6 137
11973 138
13517.4 139
7033.69 140
10907.5 141
8322.01 142
7310.61 143
14127.8 144
12258 145
12372.5 146
10205.7 147
9202.88 148
9029.34 149
10099.3 150
11085.3 151
11741.6 152
7903.9 153
4035.44 154
4282.76 155
5663.68 156
9439.13 157
6445.75 158
8071.43 159
13152.2 160
7675.63 161
8243.79 162
9727.1 163
11563.9 164
9951.95 165
7606.06 166
13288 167
7405 168
7892.7 169
5092.43 170
7579.72 171
9115.97 172
7987.16 173
9171.74 174
9535.04 175
6981.82 176
6160.79 177
13896.3 178
9565.16 179
13690.3 180
14005.7 181
8768.09 182
8150 183
9423.03 184
11240.1 185
10686.1 186
8299.07 187
10250.3 188
12276.5 189
8740.14 190
9232.77 191
11090.5 192
10167.5 193
12752.1 194
10754.7 195
12654.3 196
7608.12 197
10832.3 198
13075.1 199
14681.2 200
14591.7 201
8664.69 202
16579.7 203
13907.9 204
15236.3 205
9790.23 206
20006 207
14540.6 208
14838.8 209
13668.5 210
15701.4 211
13515.6 212
15342.7 213
14125.2 214
16010.9 215
15814.9 216
11975.9 217
19296.3 218
15314.4 219
10687.3 220
12601.4 221
17258.6 222
12388.1 223
18744 224
17178.4 225
15274 226
19584.9 227
14156.5 228
15686.4 229
16771.8 230
19809.3 231
17002.1 232
16833.3 233
29498.2 234
13635.4 235
21599.6 236
17640.6 237
14678.8 238
18538.9 239
19635.2 240
17949.7 241
21272.2 242
13707.4 243
18494.1 244
11738.9 245
26456.9 246
21544.2 247
20318.5 248
21183.3 249
17136.4 250
20406.2 251
21466.2 252
23032.8 253
21629.6 254
24815.7 255
23337.4 256
20781.1 257
20769.8 258
20070.9 259
13945.2 260
18553.3 261
23485.7 262
22157.4 263
22016.3 264
25626.9 265
23799.5 266
20214.5 267
22915.1 268
22228.2 269
23969.4 270
23020.1 271
24125.6 272
22434.7 273
23154.1 274
19671.3 275
23650.1 276
18103.6 277
23790.9 278
20875.2 279
24975.8 280
17730.2 281
19644 282
30344.8 283
24144.8 284
28056.9 285
22163.4 286
23905.1 287
25671.2 288
19709.6 289
28853.4 290
25265.1 291
28593.1 292
27010.3 293
23801.5 294
20519 295
26145.7 296
25759.6 297
28483 298
26916.9 299
24962.2 300
