16.3401 5
41.4367 6
27.8747 7
38.6135 8
69.9643 9
52.4595 10
95.9375 11
73.2803 12
30.0666 13
100.767 14
147.892 15
113.855 16
190.984 17
191.833 18
200.377 19
15.2971 20
188.428 21
289.168 22
231.838 23
173.329 24
386.822 25
301.44 26
534.749 27
278.464 28
390.126 29
376.186 30
244.939 31
325.437 32
348.657 33
228.928 34
599.411 35
575.328 36
276.335 37
347.697 38
268.954 39
1135.71 40
561.104 41
360.802 42
287.825 43
339.355 44
796.925 45
806.58 46
334.208 47
490.798 48
861.774 49
912.158 50
1190.75 51
570.771 52
664.733 53
397.048 54
1729.53 55
969.996 56
1176.4 57
1533 58
1115.62 59
463.74 60
1007.97 61
1010.67 62
947.748 63
1106.15 64
944.084 65
1148.36 66
1337.08 67
1597.16 68
1344.67 69
3988.86 70
993.108 71
1853.81 72
3063.53 73
956.751 74
975.693 75
1802.19 76
2157.93 77
958.488 78
912.597 79
2439.02 80
1988.34 81
1172.79 82
1655.3 83
1289.13 84
1772.84 85
1251.78 86
1975.7 87
9393.22 88
2604.64 89
545.847 90
2954.22 91
1717.68 92
3709.99 93
10136.3 94
1831.62 95
7668.88 96
1346.47 97
3284.8 98
4378.37 99
990.397 100
3948.67 101
2034.53 102
2817.4 103
2041.39 104
1318.96 105
2138.03 106
1413.56 107
6289.73 108
1199.12 109
3694.39 110
2151.56 111
4389.35 112
2918.67 113
4351.52 114
1975.18 115
6840.31 116
2508.98 117
5047.55 118
2737.39 119
5175.16 120
8087.87 121
10925.7 122
4554.65 123
2846.61 124
5012.24 125
2053.69 126
1018.84 127
4655.01 128
4037.06 129
5167.12 130
3669.05 131
4144.18 132
7255.79 133
5724.9 134
3749.91 135
3826.11 136
8481.55 137
7537.53 138
2246.46 139
5889.81 140
9386.56 141
2946.24 142
3727.76 143
3371.98 144
9475.92 145
6365.47 146
9317.85 147
5560.83 148
2957.64 149
16042.2 150
8274.7 151
4597.52 152
7123.95 153
4762.09 154
9371.17 155
2643.7 156
9359.94 157
10467.6 158
13813.6 159
5230.69 160
3652.42 161
6963.49 162
9773.55 163
14658.3 164
5959.79 165
7594.99 166
6689.6 167
5261.77 168
10162.6 169
9030.2 170
5882.96 171
6667.06 172
4385.91 173
7925.63 174
7477.91 175
5523.78 176
7396.69 177
8750.77 178
7312.64 179
14591.3 180
5463.01 181
4558.74 182
10415.3 183
6206.11 184
6305.27 185
7303.87 186
11002.8 187
8095.27 188
9050.32 189
4782.5 190
8762.65 191
6403.94 192
6566.81 193
18657 194
8531.47 195
6287.25 196
13485.9 197
4304.27 198
8915.93 199
16056.8 200
12035.3 201
9749.45 202
15086 203
4706.38 204
7094.6 205
7751.4 206
11631.6 207
11203.2 208
10293 209
26719.4 210
8361.02 211
6921.11 212
7814.46 213
6255.93 214
6009.95 215
6388.69 216
8944.12 217
7118.64 218
6446.62 219
6256.86 220
6268.92 221
6785.35 222
8328.33 223
3961.86 224
5939.81 225
11288 226
7193.82 227
6940.95 228
10116.8 229
10063 230
10921.6 231
5403.55 232
9253.07 233
5192.76 234
4995.08 235
9615.39 236
6224.4 237
6265.08 238
3282.02 239
7798.7 240
7615.85 241
7527.74 242
10679.4 243
14053.9 244
7622.19 245
31105.1 246
7280.15 247
10755.7 248
7177.83 249
8157.48 250
8236.94 251
6709.5 252
49400.4 253
5440.64 254
10203 255
9474.21 256
12398.5 257
7040.05 258
7949.44 259
7635.62 260
7196.09 261
7000.81 262
18741.3 263
8445.43 264
11640.8 265
6913.08 266
10551.2 267
8685.83 268
12068.1 269
12191.5 270
11535.8 271
7788.26 272
8003.94 273
4106.35 274
11103.4 275
11869.9 276
15837.9 277
7148.42 278
10189.4 279
11337.3 280
7310.23 281
16376.6 282
10952.1 283
13797.2 284
10355.2 285
12692.5 286
8990.83 287
9449.12 288
14005.8 289
13168.4 290
13306.4 291
10200.3 292
7815.97 293
13525.6 294
12018.1 295
12330.4 296
9595.54 297
10972.4 298
11035.2 299
13409.3 300
