2843 5
2273 6
2537 7
3355 8
3084 9
3405 10
2590 11
2979 12
3694 13
3421 14
3291 15
3378 16
2884 17
3217 18
4277 19
3187 20
4152 21
3833 22
4829 23
3909 24
3800 25
4225 26
5799 27
5590 28
3666 29
4238 30
4501 31
5893 32
3673 33
5700 34
6877 35
6452 36
6886 37
6825 38
7125 39
7469 40
7731 41
8263 42
7512 43
8301 44
8267 45
7678 46
8638 47
9490 48
8811 49
8684 50
8124 51
9336 52
8795 53
8490 54
9783 55
10064 56
10318 57
10404 58
11652 59
11068 60
10950 61
11000 62
12320 63
11538 64
11309 65
11297 66
12117 67
12981 68
12635 69
13289 70
14387 71
13662 72
13808 73
14651 74
15626 75
15041 76
14772 77
16433 78
15753 79
16105 80
16456 81
17134 82
16561 83
17787 84
16902 85
17455 86
18423 87
18153 88
18491 89
18563 90
19304 91
18934 92
19520 93
21475 94
21034 95
20594 96
23148 97
21309 98
21940 99
23667 100
23033 101
23431 102
24142 103
25133 104
25302 105
25950 106
26963 107
26169 108
26060 109
26652 110
28046 111
27244 112
28847 113
29146 114
31130 115
28550 116
29773 117
30840 118
30015 119
33978 120
31927 121
32421 122
33055 123
32885 124
35264 125
35086 126
34858 127
36649 128
37015 129
38205 130
36938 131
39716 132
39368 133
38543 134
38641 135
40562 136
41738 137
40286 138
41967 139
42132 140
43706 141
43469 142
44547 143
44873 144
45504 145
47909 146
46092 147
47178 148
47857 149
49444 150
50463 151
50779 152
52290 153
51584 154
52474 155
51602 156
52214 157
53262 158
54727 159
54995 160
55928 161
55928 162
56964 163
57234 164
57741 165
60698 166
59729 167
61293 168
61252 169
60372 170
61102 171
62160 172
63105 173
65143 174
65630 175
64947 176
65759 177
65981 178
68797 179
68814 180
71345 181
68380 182
70361 183
70673 184
71562 185
72830 186
72809 187
72971 188
74307 189
77013 190
76196 191
76913 192
78604 193
78104 194
78524 195
81208 196
79814 197
81100 198
83302 199
83270 200
82845 201
85561 202
85060 203
86428 204
86244 205
87949 206
88313 207
89385 208
88964 209
91486 210
91511 211
91780 212
90915 213
92575 214
92649 215
94416 216
93822 217
94915 218
93900 219
95554 220
95182 221
96836 222
95573 223
97383 224
97994 225
98424 226
99452 227
98932 228
99967 229
99942 230
101639 231
100505 232
101520 233
102161 234
102864 235
101728 236
104968 237
103283 238
103315 239
104206 240
104223 241
104548 242
105491 243
104758 244
106157 245
106087 246
106150 247
108447 248
108417 249
108351 250
108618 251
110043 252
109160 253
111218 254
110804 255
113986 256
112791 257
112706 258
113106 259
113507 260
112982 261
114058 262
114163 263
114870 264
116303 265
116513 266
114550 267
118027 268
118234 269
118101 270
118055 271
120141 272
119602 273
120889 274
121562 275
120580 276
123146 277
123245 278
124133 279
123764 280
124583 281
125201 282
125705 283
125916 284
127715 285
128122 286
129331 287
129948 288
129152 289
139047 290
133461 291
134274 292
132355 293
133211 294
133885 295
133340 296
132913 297
134399 298
135037 299
136656 300
