53 5
60 6
79 7
114 8
130 9
160 10
186 11
202 12
231 13
270 14
364 15
396 16
420 17
443 18
568 19
518 20
690 21
2170 22
2248 23
3404 24
2121 25
2299 26
2305 27
1576 28
1502 29
2976 30
2986 31
1801 32
2116 33
1948 34
2360 35
2461 36
1980 37
2038 38
2517 39
2689 40
3092 41
4569 42
3446 43
2993 44
2997 45
3126 46
3522 47
3669 48
3955 49
3757 50
4476 51
4638 52
4263 53
4329 54
5624 55
4842 56
5493 57
5402 58
5482 59
5616 60
5239 61
6140 62
6268 63
6183 64
6047 65
6516 66
6736 67
7385 68
7467 69
7155 70
7503 71
7651 72
8346 73
8384 74
8511 75
8879 76
9214 77
10636 78
9372 79
9484 80
10555 81
10507 82
10647 83
10977 84
11162 85
12323 86
11797 87
11783 88
12985 89
12304 90
13517 91
13110 92
13404 93
13454 94
14861 95
16539 96
16182 97
17966 98
20107 99
17923 100
18553 101
17021 102
16334 103
18697 104
17432 105
17699 106
19138 107
18305 108
18892 109
22016 110
21282 111
20525 112
23370 113
21554 114
21096 115
21434 116
21410 117
24083 118
22876 119
23708 120
23670 121
24376 122
24449 123
25352 124
24889 125
25169 126
25937 127
26893 128
28340 129
27547 130
29153 131
30545 132
28899 133
31047 134
31288 135
30692 136
31632 137
31097 138
32358 139
32951 140
33534 141
33050 142
34119 143
34398 144
35002 145
35730 146
35605 147
36357 148
37023 149
38970 150
38427 151
39181 152
39482 153
40530 154
40799 155
40650 156
41977 157
42492 158
42630 159
44223 160
43605 161
44044 162
45233 163
45679 164
45923 165
46105 166
47031 167
47345 168
48364 169
49180 170
49329 171
50306 172
50890 173
51389 174
52068 175
53276 176
55641 177
54375 178
54532 179
55483 180
57022 181
55842 182
59369 183
57647 184
59186 185
58914 186
58632 187
62774 188
62623 189
61751 190
62823 191
63744 192
64010 193
63581 194
65333 195
65547 196
67229 197
66371 198
68355 199
69041 200
69690 201
70587 202
70755 203
73102 204
72440 205
73916 206
73068 207
72910 208
75015 209
77057 210
77386 211
76973 212
78543 213
78168 214
79592 215
81237 216
81284 217
83433 218
84248 219
83909 220
81436 221
84174 222
84451 223
86611 224
88455 225
87443 226
88229 227
89577 228
91538 229
91802 230
92642 231
91913 232
95254 233
95160 234
94925 235
95365 236
94425 237
96042 238
97308 239
96345 240
97716 241
98812 242
99363 243
101079 244
101328 245
101880 246
100674 247
102118 248
102245 249
102906 250
104686 251
104868 252
104160 253
105620 254
105583 255
106419 256
106197 257
107120 258
108477 259
108719 260
108718 261
109072 262
111002 263
110715 264
111223 265
113284 266
113245 267
111996 268
112043 269
113647 270
114310 271
115740 272
114627 273
114930 274
116740 275
116469 276
117527 277
117861 278
117691 279
118216 280
119651 281
120527 282
119703 283
120378 284
121931 285
121897 286
122189 287
123423 288
123298 289
124809 290
125152 291
124661 292
125389 293
124602 294
124691 295
128316 296
127205 297
128363 298
129319 299
132689 300
