5191 7
3016 8
1408 9
3231 10
2752 11
2810 12
3834 13
4027 14
4452 15
3601 16
3318 17
3100 18
3444 19
2690 20
3508 21
3545 22
4097 23
3859 24
5917 25
3482 26
5457 27
4537 28
3922 29
5401 30
6983 31
5311 32
5700 33
6621 34
6435 35
6936 36
7311 37
7153 38
8586 39
8368 40
8525 41
7543 42
7932 43
8857 44
8960 45
9756 46
10197 47
10443 48
10828 49
9919 50
11663 51
10917 52
10339 53
12933 54
11467 55
11299 56
11325 57
12675 58
11576 59
12525 60
13938 61
13841 62
14356 63
14013 64
14088 65
15520 66
16686 67
15010 68
15421 69
16891 70
17184 71
16754 72
17861 73
17623 74
17908 75
19466 76
17963 77
19337 78
19135 79
20088 80
20534 81
21207 82
21072 83
22636 84
22372 85
23149 86
23581 87
23606 88
24353 89
24171 90
25271 91
27554 92
27116 93
27878 94
27991 95
28923 96
28855 97
29300 98
29003 99
30545 100
30768 101
31257 102
31159 103
31740 104
32913 105
32276 106
35295 107
33416 108
34904 109
36845 110
35621 111
37601 112
37303 113
36170 114
39169 115
38944 116
40145 117
41816 118
42506 119
41650 120
41660 121
44145 122
42910 123
44594 124
45234 125
45959 126
47551 127
47440 128
47492 129
49344 130
48884 131
51188 132
50124 133
50980 134
53186 135
53481 136
54077 137
53692 138
56329 139
55751 140
57228 141
57487 142
60061 143
58704 144
59114 145
59426 146
60987 147
62017 148
63138 149
64387 150
67395 151
66962 152
66108 153
69866 154
70247 155
67835 156
71411 157
70309 158
71873 159
73853 160
72983 161
75242 162
75942 163
74796 164
77755 165
78738 166
79695 167
79341 168
80147 169
81265 170
80006 171
82934 172
83055 173
83507 174
86373 175
86155 176
86710 177
88277 178
89269 179
89962 180
91262 181
91104 182
92541 183
94447 184
92189 185
94218 186
94234 187
93685 188
95284 189
96562 190
97121 191
98758 192
99368 193
100920 194
99604 195
101266 196
99995 197
102060 198
102964 199
103722 200
103664 201
104441 202
104492 203
104980 204
105324 205
106969 206
107209 207
107355 208
107267 209
108157 210
106410 211
108086 212
109401 213
109195 214
109768 215
112198 216
111558 217
109450 218
113596 219
111427 220
113844 221
113151 222
117644 223
119040 224
122754 225
122068 226
118042 227
121683 228
119825 229
119757 230
123291 231
120502 232
121887 233
120672 234
124165 235
125472 236
123243 237
124420 238
124544 239
128505 240
128295 241
125907 242
127431 243
132352 244
128708 245
129261 246
131086 247
132170 248
130457 249
133277 250
134621 251
132558 252
137446 253
137424 254
137442 255
138726 256
136068 257
140318 258
136963 259
141760 260
140563 261
140946 262
144520 263
140995 264
145399 265
142051 266
144193 267
146704 268
144895 269
147269 270
145534 271
151159 272
151613 273
148827 274
153521 275
155608 276
156183 277
152696 278
156108 279
159291 280
156489 281
157822 282
159449 283
164178 284
160708 285
171147 286
163170 287
169960 288
161896 289
158900 290
167484 291
169001 292
169158 293
166322 294
170545 295
168585 296
173357 297
170803 298
171308 299
175481 300
