32 5
45 6
63 7
82 8
119 9
137 10
187 11
204 12
270 13
307 14
322 15
371 16
447 17
464 18
572 19
533 20
634 21
749 22
809 23
831 24
959 25
1051 26
1177 27
1216 28
1263 29
1390 30
1414 31
1539 32
1661 33
1694 34
1875 35
1907 36
2035 37
2158 38
2262 39
2608 40
2668 41
2645 42
2860 43
2924 44
3197 45
3355 46
3313 47
3614 48
3819 49
4125 50
4427 51
4373 52
4513 53
4677 54
4802 55
5291 56
5512 57
5644 58
5618 59
5794 60
6033 61
6450 62
6628 63
6828 64
7101 65
7363 66
7612 67
8108 68
8067 69
8615 70
8621 71
8892 72
9714 73
9350 74
9928 75
9927 76
10195 77
10810 78
10528 79
11201 80
11352 81
11370 82
11838 83
12161 84
12499 85
12606 86
13238 87
14154 88
13979 89
13906 90
15502 91
15040 92
15715 93
16995 94
15742 95
17518 96
17069 97
17287 98
17971 99
17672 100
18614 101
18346 102
18628 103
19054 104
19528 105
20255 106
20161 107
21541 108
22009 109
22087 110
22422 111
22680 112
23914 113
23747 114
23618 115
25027 116
25139 117
25726 118
25411 119
26668 120
26477 121
28701 122
27871 123
28040 124
29648 125
29335 126
29391 127
30530 128
31312 129
31457 130
32354 131
33289 132
33603 133
35156 134
34060 135
34489 136
36606 137
36402 138
35785 139
37176 140
38748 141
38449 142
38349 143
38864 144
42312 145
40687 146
41717 147
41934 148
41838 149
44117 150
43705 151
43972 152
45420 153
45295 154
46107 155
46137 156
47849 157
47998 158
50078 159
49065 160
49821 161
50707 162
51097 163
52011 164
53436 165
52900 166
53624 167
53544 168
55567 169
56479 170
56910 171
57052 172
56783 173
59301 174
59045 175
59425 176
60114 177
60843 178
61309 179
62755 180
62888 181
63112 182
64941 183
64119 184
66020 185
66964 186
67935 187
68541 188
69063 189
68009 190
70026 191
70600 192
70563 193
72317 194
73866 195
74152 196
75473 197
75031 198
76151 199
77880 200
78188 201
78994 202
79600 203
78653 204
80408 205
81150 206
82442 207
82661 208
83577 209
90272 210
84373 211
84405 212
86096 213
87048 214
87831 215
87770 216
88715 217
90286 218
89804 219
90572 220
91339 221
91568 222
91752 223
91944 224
93409 225
94450 226
94025 227
95424 228
95016 229
95966 230
96555 231
96717 232
98461 233
96872 234
96616 235
98298 236
98917 237
98157 238
98848 239
101123 240
101228 241
101351 242
102678 243
103332 244
102953 245
111651 246
104367 247
106141 248
105493 249
106308 250
107132 251
106461 252
114028 253
106133 254
109314 255
110697 256
111870 257
109710 258
111268 259
111166 260
112471 261
113179 262
112956 263
112805 264
114217 265
113292 266
113492 267
115445 268
115619 269
115636 270
118482 271
116311 272
118385 273
117057 274
117683 275
119046 276
119139 277
121397 278
121430 279
123819 280
124108 281
124892 282
125205 283
124011 284
123784 285
125093 286
125428 287
124709 288
126379 289
126174 290
126707 291
128604 292
126954 293
127736 294
131066 295
130713 296
129804 297
133573 298
132524 299
133054 300
