252 7
279 8
269 9
292 10
346 11
370 12
374 13
431 14
508 15
512 16
608 17
4185 18
1664 19
2403 20
2751 21
1233 22
1813 23
3167 24
3024 25
1846 26
1497 27
2655 28
1934 29
3445 30
2283 31
1954 32
2834 33
2485 34
3100 35
3402 36
3151 37
2995 38
3681 39
4072 40
4819 41
4166 42
4038 43
4143 44
4163 45
4255 46
4959 47
5749 48
5183 49
5351 50
5602 51
6005 52
6395 53
6727 54
6679 55
6649 56
6836 57
6980 58
7541 59
8015 60
8196 61
8585 62
8412 63
8757 64
10230 65
10112 66
9641 67
10065 68
10740 69
11711 70
11403 71
11874 72
12093 73
12850 74
12484 75
12666 76
13586 77
14523 78
14097 79
14415 80
15171 81
15200 82
15531 83
17130 84
16196 85
17561 86
17216 87
17587 88
19440 89
19493 90
19227 91
20893 92
19677 93
20527 94
21608 95
21510 96
23302 97
22506 98
24692 99
23494 100
24842 101
24514 102
25668 103
25725 104
26888 105
26783 106
28824 107
28759 108
28333 109
28237 110
29869 111
29047 112
31607 113
31667 114
33511 115
32455 116
32760 117
34337 118
34578 119
35909 120
36318 121
37671 122
38221 123
37491 124
39815 125
38949 126
42584 127
42912 128
41781 129
41613 130
43607 131
43732 132
43870 133
44468 134
45550 135
46403 136
47163 137
47890 138
48431 139
49800 140
49199 141
51024 142
52062 143
52662 144
53312 145
53308 146
54264 147
56211 148
56113 149
57300 150
57199 151
57943 152
58598 153
59253 154
61209 155
63628 156
62972 157
63368 158
63223 159
65665 160
66669 161
65784 162
66239 163
68769 164
70093 165
69917 166
70848 167
71400 168
73089 169
73346 170
72975 171
77628 172
76803 173
77315 174
77707 175
80911 176
79336 177
81542 178
80520 179
83915 180
85023 181
86585 182
84817 183
85485 184
88569 185
89555 186
90593 187
92577 188
92228 189
92199 190
93179 191
94135 192
96174 193
96554 194
97259 195
97776 196
98113 197
100899 198
100730 199
103973 200
102745 201
103233 202
103809 203
103842 204
104107 205
105010 206
109114 207
108083 208
106914 209
110125 210
110497 211
112725 212
110654 213
111659 214
112408 215
113564 216
114876 217
115145 218
116061 219
116046 220
116603 221
117496 222
118716 223
122081 224
119711 225
121405 226
120324 227
121783 228
122039 229
121570 230
124520 231
125140 232
126058 233
126530 234
125219 235
128513 236
129428 237
128579 238
130864 239
130029 240
130815 241
130252 242
131162 243
131675 244
131989 245
134566 246
133413 247
135918 248
137232 249
135426 250
137045 251
138849 252
143684 253
138951 254
140892 255
139523 256
141474 257
142648 258
143656 259
143707 260
147088 261
144952 262
146637 263
147376 264
149287 265
148359 266
148516 267
149610 268
149750 269
152384 270
152350 271
153826 272
153476 273
155686 274
156494 275
155041 276
157251 277
157825 278
160283 279
158926 280
160827 281
159188 282
162756 283
162203 284
163372 285
162918 286
168054 287
168338 288
165976 289
171250 290
167796 291
171848 292
170383 293
170886 294
172597 295
172856 296
174072 297
174162 298
177226 299
175486 300
