57 9
88 10
129 11
179 12
211 13
262 14
364 15
413 16
572 17
654 18
749 19
818 20
1069 21
1053 22
1158 23
1252 24
1462 25
1564 26
1690 27
1824 28
2042 29
3570 30
2431 31
2562 32
2838 33
3051 34
3285 35
3462 36
3684 37
4020 38
4387 39
4699 40
5340 41
5239 42
5389 43
5602 44
6058 45
6421 46
6820 47
7307 48
7679 49
7608 50
7925 51
8611 52
9543 53
9859 54
9636 55
9815 56
10648 57
10785 58
11699 59
11760 60
12334 61
12931 62
13563 63
13964 64
14361 65
15247 66
16954 67
15708 68
16304 69
17450 70
17671 71
18036 72
19873 73
19628 74
19821 75
22388 76
21106 77
22082 78
22998 79
23165 80
25280 81
24289 82
25545 83
26413 84
26139 85
27940 86
28253 87
29148 88
30128 89
31956 90
30650 91
33127 92
33224 93
34183 94
34472 95
36515 96
36533 97
38857 98
38424 99
37801 100
39471 101
40529 102
43913 103
43028 104
42893 105
44819 106
45564 107
45201 108
46074 109
49322 110
50374 111
50800 112
51179 113
52293 114
54113 115
53435 116
56409 117
57332 118
56918 119
62742 120
59207 121
61250 122
62252 123
62443 124
63760 125
66180 126
65678 127
67836 128
67081 129
68433 130
70225 131
72093 132
71679 133
74112 134
73980 135
76182 136
78868 137
79893 138
81236 139
79964 140
81704 141
83419 142
83066 143
87151 144
87424 145
89744 146
89009 147
91432 148
90700 149
93959 150
95004 151
95493 152
96159 153
95849 154
96999 155
97236 156
100074 157
98798 158
101396 159
103137 160
101888 161
103393 162
104499 163
104912 164
106508 165
106855 166
105623 167
107930 168
108080 169
108890 170
111499 171
113529 172
112072 173
115896 174
113980 175
114536 176
114916 177
117923 178
117169 179
120532 180
118498 181
119996 182
121136 183
120939 184
124776 185
123794 186
124185 187
126336 188
127700 189
128556 190
130268 191
128862 192
129773 193
130522 194
132414 195
132822 196
132829 197
134904 198
136311 199
135490 200
139538 201
139070 202
141707 203
142137 204
144757 205
144073 206
147910 207
147622 208
145098 209
147260 210
147792 211
147763 212
148981 213
150484 214
150603 215
153472 216
152118 217
153960 218
156426 219
155709 220
156312 221
159144 222
158807 223
163912 224
161018 225
162423 226
163689 227
161895 228
167573 229
165392 230
167716 231
167689 232
168505 233
167000 234
171471 235
172224 236
176083 237
173522 238
178141 239
180700 240
176578 241
180616 242
178766 243
180544 244
181793 245
184565 246
183517 247
185639 248
186552 249
188122 250
190961 251
190107 252
192154 253
198349 254
192920 255
197397 256
196884 257
197234 258
197135 259
196926 260
200405 261
200697 262
205794 263
202474 264
204394 265
207399 266
205637 267
208832 268
208200 269
209571 270
211393 271
215124 272
214451 273
216207 274
215125 275
217666 276
217183 277
222650 278
221341 279
223495 280
222526 281
226854 282
229801 283
228198 284
229366 285
233885 286
235188 287
238313 288
236337 289
238676 290
242644 291
244258 292
241349 293
248284 294
243331 295
243963 296
246159 297
251395 298
248731 299
250184 300
