38 7
72 8
97 9
114 10
167 11
217 12
241 13
340 14
420 15
444 16
565 17
591 18
638 19
743 20
860 21
887 22
987 23
1117 24
1262 25
1308 26
1826 27
1530 28
1671 29
1739 30
1937 31
2113 32
2216 33
2330 34
2470 35
2590 36
2927 37
2951 38
3223 39
3674 40
3691 41
3644 42
3927 43
4339 44
4616 45
5147 46
5332 47
5358 48
5491 49
5676 50
6180 51
6259 52
6429 53
7047 54
6982 55
7427 56
7564 57
8127 58
8812 59
8777 60
9009 61
9621 62
9949 63
10341 64
10559 65
10830 66
11589 67
12054 68
11967 69
12677 70
12730 71
13848 72
13873 73
13892 74
15040 75
15054 76
15097 77
15540 78
16392 79
16776 80
17281 81
19478 82
17943 83
18462 84
20040 85
19221 86
22031 87
20665 88
23154 89
24082 90
21909 91
23606 92
22599 93
23417 94
25046 95
24277 96
26523 97
25515 98
28142 99
27734 100
28255 101
28348 102
29561 103
30048 104
30448 105
31555 106
33379 107
34240 108
33639 109
34055 110
33851 111
36346 112
35001 113
37880 114
36958 115
37457 116
39057 117
38721 118
41125 119
40008 120
41181 121
41868 122
44821 123
44892 124
44325 125
44903 126
45146 127
46132 128
49954 129
48965 130
51464 131
50450 132
49999 133
51351 134
51909 135
54858 136
55654 137
55256 138
56386 139
57760 140
60937 141
58825 142
60493 143
60909 144
60953 145
65376 146
63550 147
68160 148
66393 149
66674 150
67987 151
68260 152
72133 153
69315 154
70565 155
72104 156
79846 157
74114 158
77151 159
75762 160
76101 161
77152 162
78474 163
79344 164
80220 165
81744 166
82369 167
88793 168
84468 169
83776 170
85447 171
85950 172
87589 173
90761 174
88510 175
90176 176
91224 177
92895 178
92452 179
92586 180
93739 181
93852 182
96341 183
95502 184
96401 185
97162 186
96599 187
99472 188
104370 189
98942 190
101109 191
99842 192
101927 193
102173 194
104934 195
103334 196
105565 197
105912 198
106120 199
106381 200
107890 201
108914 202
109875 203
109710 204
109518 205
112098 206
113034 207
112680 208
114524 209
112631 210
114660 211
115763 212
117009 213
116141 214
116775 215
119332 216
119195 217
119486 218
120234 219
122876 220
122203 221
122904 222
123426 223
125369 224
126436 225
125298 226
126236 227
125274 228
127810 229
130249 230
128941 231
131760 232
129875 233
131713 234
130276 235
135875 236
133365 237
132252 238
133514 239
134584 240
134212 241
134352 242
136151 243
136840 244
137281 245
140271 246
138224 247
138962 248
140835 249
143233 250
144157 251
144993 252
143253 253
145633 254
148636 255
146771 256
146830 257
144910 258
146373 259
149082 260
149207 261
151834 262
153496 263
152904 264
154348 265
154902 266
156067 267
159313 268
158586 269
157710 270
158803 271
158576 272
163026 273
159070 274
161111 275
162930 276
165659 277
164428 278
162542 279
163270 280
166748 281
169692 282
165864 283
167795 284
169411 285
175132 286
172073 287
171089 288
172438 289
175932 290
173637 291
175681 292
179694 293
174673 294
179132 295
183006 296
180933 297
182367 298
182845 299
179268 300
