24 3
34 4
42 5
55 6
65 7
99 8
116 9
137 10
156 11
175 12
194 13
243 14
300 15
321 16
369 17
400 18
439 19
417 20
553 21
516 22
606 23
592 24
739 25
770 26
841 27
868 28
908 29
1001 30
1050 31
1106 32
1221 33
1176 34
1550 35
1413 36
1433 37
1495 38
1561 39
1676 40
1774 41
1807 42
1859 43
1976 44
2438 45
2144 46
2267 47
2323 48
2432 49
2554 50
2691 51
2764 52
2857 53
2978 54
3065 55
3171 56
3317 57
3447 58
3566 59
3625 60
3984 61
3872 62
4048 63
4444 64
4482 65
4461 66
4501 67
4757 68
4896 69
4948 70
5214 71
5194 72
5331 73
5462 74
5639 75
5785 76
5907 77
6053 78
6210 79
6387 80
7257 81
6783 82
6837 83
7086 84
7255 85
7629 86
7523 87
7724 88
7864 89
8577 90
8264 91
8378 92
8782 93
8768 94
8930 95
9311 96
9326 97
9491 98
10014 99
9883 100
10061 101
10255 102
10594 103
10778 104
11020 105
11108 106
11289 107
11532 108
12486 109
12011 110
12296 111
12630 112
12830 113
13079 114
13539 115
13416 116
14128 117
13879 118
14715 119
14722 120
14635 121
15328 122
15115 123
15679 124
16040 125
16124 126
17005 127
16541 128
16759 129
16943 130
17385 131
17433 132
18315 133
17941 134
18470 135
18694 136
18974 137
19433 138
19565 139
19619 140
22184 141
20241 142
20428 143
25364 144
21144 145
21881 146
21668 147
22387 148
22601 149
22796 150
23977 151
24572 152
24714 153
25105 154
25880 155
25103 156
25656 157
26012 158
26239 159
27814 160
26736 161
27355 162
27406 163
27941 164
28424 165
28375 166
28956 167
29437 168
29683 169
30001 170
30707 171
32422 172
31110 173
31744 174
31923 175
32380 176
32962 177
34212 178
33748 179
34925 180
35238 181
35912 182
36057 183
36551 184
36985 185
37009 186
39348 187
39703 188
39255 189
39942 190
40446 191
39726 192
39865 193
40240 194
41245 195
41652 196
41910 197
42364 198
43475 199
43592 200
43657 201
43819 202
44048 203
45386 204
44794 205
46891 206
46362 207
47460 208
46474 209
46990 210
48196 211
49252 212
49039 213
49830 214
52090 215
50893 216
51179 217
49666 218
51229 219
52761 220
53304 221
53852 222
54630 223
55029 224
55861 225
56495 226
56676 227
58511 228
57765 229
58068 230
58479 231
59387 232
60573 233
60957 234
61786 235
59695 236
62640 237
63080 238
63191 239
63246 240
65443 241
64098 242
65513 243
66119 244
67261 245
67842 246
68278 247
68347 248
68977 249
69153 250
70937 251
70382 252
70748 253
71797 254
69814 255
66687 256
65993 257
67551 258
65780 259
66454 260
68090 261
68255 262
67715 263
71608 264
68611 265
69519 266
69251 267
68986 268
71572 269
68857 270
70862 271
71242 272
71756 273
72392 274
70056 275
69513 276
70390 277
70342 278
71368 279
71704 280
72121 281
72166 282
71011 283
68525 284
72125 285
71438 286
73762 287
70071 288
76261 289
72217 290
70434 291
72351 292
72301 293
74795 294
76019 295
74226 296
77079 297
73944 298
74765 299
73548 300
