3674 3
51 4
54 5
70 6
94 7
111 8
136 9
136 10
156 11
178 12
215 13
250 14
294 15
326 16
326 17
385 18
398 19
471 20
489 21
576 22
632 23
637 24
722 25
765 26
796 27
851 28
862 29
900 30
1026 31
7586 32
1370 33
1802 34
2937 35
2181 36
1632 37
3210 38
4221 39
2062 40
1868 41
1802 42
2428 43
3182 44
3033 45
2749 46
2799 47
3180 48
3856 49
3307 50
3180 51
2813 52
3585 53
3715 54
3091 55
3708 56
3732 57
3502 58
3662 59
4424 60
3923 61
4162 62
4346 63
7716 64
5248 65
4189 66
4916 67
4719 68
5521 69
5073 70
5253 71
5426 72
5481 73
5687 74
5614 75
5776 76
6061 77
6522 78
6444 79
6661 80
6599 81
7195 82
7855 83
7630 84
7331 85
7459 86
7889 87
7791 88
7867 89
8163 90
8419 91
8506 92
8997 93
8875 94
9587 95
9419 96
9796 97
10202 98
10203 99
10472 100
11055 101
10558 102
11458 103
11503 104
11408 105
11457 106
11824 107
11941 108
12201 109
12370 110
12853 111
13386 112
13230 113
13239 114
14187 115
13840 116
13948 117
14102 118
14787 119
14845 120
15660 121
16598 122
15695 123
16812 124
16012 125
18005 126
16572 127
18427 128
17505 129
21123 130
18300 131
18564 132
19037 133
19606 134
19695 135
20476 136
21264 137
21192 138
22844 139
22731 140
21812 141
22709 142
22095 143
22846 144
23004 145
23168 146
24632 147
23447 148
24692 149
24672 150
24071 151
25531 152
25533 153
26101 154
27017 155
28392 156
27378 157
27632 158
28328 159
27958 160
28010 161
27731 162
29335 163
29362 164
30299 165
30443 166
30759 167
30637 168
33478 169
31967 170
31988 171
33289 172
32884 173
33237 174
34127 175
34280 176
34702 177
37717 178
35242 179
35862 180
37089 181
37282 182
38901 183
37477 184
39713 185
40329 186
39457 187
40081 188
41393 189
40783 190
41044 191
41467 192
41395 193
43220 194
42620 195
42471 196
43936 197
43084 198
45117 199
43666 200
45302 201
45654 202
46429 203
46764 204
47140 205
48512 206
49283 207
50559 208
48777 209
48509 210
51254 211
50190 212
50667 213
52260 214
51989 215
52630 216
52874 217
53545 218
56241 219
54858 220
55307 221
55959 222
56818 223
57196 224
57077 225
58684 226
58725 227
58156 228
59590 229
59467 230
59404 231
60254 232
60939 233
61078 234
62000 235
62154 236
63634 237
63096 238
64691 239
64630 240
66475 241
67073 242
66834 243
66876 244
67661 245
68220 246
69855 247
69774 248
70151 249
70380 250
72012 251
73491 252
72003 253
74007 254
74923 255
74819 256
74742 257
75365 258
76325 259
77668 260
77229 261
79341 262
77812 263
78085 264
79064 265
79756 266
80885 267
83313 268
81733 269
83232 270
84011 271
83838 272
84979 273
85756 274
86822 275
86248 276
86787 277
87484 278
88741 279
88086 280
88896 281
88711 282
88883 283
91059 284
90068 285
92294 286
91354 287
92543 288
91981 289
92637 290
93006 291
91202 292
92982 293
94332 294
96616 295
93981 296
95219 297
95775 298
96845 299
97065 300
