224 3
230 4
304 5
254 6
272 7
261 8
286 9
309 10
285 11
319 12
346 13
427 14
428 15
508 16
520 17
548 18
609 19
621 20
699 21
723 22
772 23
772 24
821 25
839 26
924 27
971 28
1017 29
1130 30
1136 31
1856 32
2456 33
2016 34
2292 35
2259 36
2570 37
2643 38
2848 39
2245 40
2588 41
2978 42
2934 43
3968 44
3783 45
2879 46
2803 47
2663 48
3351 49
3189 50
3446 51
4488 52
3370 53
3118 54
4135 55
3669 56
4400 57
4288 58
4833 59
4385 60
4566 61
5197 62
4335 63
4675 64
4943 65
4930 66
5032 67
5195 68
5315 69
5744 70
6350 71
5734 72
5941 73
6054 74
6626 75
6856 76
6422 77
6667 78
6773 79
7101 80
7374 81
7226 82
7885 83
7748 84
8038 85
7956 86
8658 87
10208 88
8595 89
9014 90
9588 91
10256 92
9299 93
9585 94
9700 95
9998 96
10394 97
10622 98
10716 99
10767 100
11846 101
11279 102
11359 103
12220 104
12292 105
12572 106
12707 107
12837 108
13278 109
14368 110
13899 111
14971 112
13823 113
15639 114
14046 115
14963 116
15535 117
14824 118
15784 119
15620 120
17572 121
16601 122
17902 123
17202 124
18550 125
17691 126
18496 127
18139 128
19171 129
18549 130
19322 131
18823 132
20685 133
20105 134
20528 135
21003 136
22366 137
22554 138
22472 139
22441 140
22791 141
22523 142
22477 143
23246 144
23863 145
24384 146
23715 147
25955 148
25160 149
25037 150
26927 151
27743 152
26695 153
26075 154
28642 155
28141 156
27539 157
28942 158
29105 159
28510 160
29347 161
29929 162
31229 163
30672 164
32298 165
31383 166
31325 167
31487 168
32184 169
32950 170
34287 171
34156 172
34100 173
34804 174
35643 175
36517 176
35811 177
36064 178
37005 179
36984 180
38901 181
39556 182
38308 183
39018 184
39900 185
38550 186
39453 187
42084 188
39899 189
46439 190
41486 191
45493 192
42815 193
43667 194
43694 195
45798 196
44161 197
45178 198
45455 199
46963 200
45971 201
46097 202
47290 203
47927 204
48361 205
49289 206
51170 207
49713 208
49727 209
50237 210
51519 211
52618 212
52917 213
52834 214
53006 215
54483 216
54557 217
53604 218
54281 219
55204 220
56898 221
56554 222
56453 223
56989 224
57830 225
58679 226
59451 227
60580 228
61588 229
61558 230
62601 231
61874 232
63454 233
63804 234
64102 235
67203 236
66741 237
67772 238
66452 239
66749 240
66569 241
67330 242
69035 243
69866 244
69217 245
70547 246
70426 247
71057 248
71645 249
71394 250
72825 251
73429 252
73578 253
73904 254
76407 255
74994 256
77585 257
76567 258
78293 259
78591 260
80356 261
79298 262
78930 263
82548 264
81916 265
80821 266
81582 267
82518 268
83705 269
84309 270
84846 271
86295 272
86139 273
86036 274
87224 275
87807 276
86485 277
88257 278
87778 279
90275 280
89472 281
90430 282
90538 283
91209 284
91118 285
91835 286
91993 287
93714 288
92719 289
94264 290
93556 291
93841 292
94981 293
95514 294
94730 295
97455 296
95125 297
96015 298
95524 299
97655 300
