2247 3
3310 4
2483 5
2622 6
2840 7
3285 8
3464 9
4974 10
3005 11
2531 12
3063 13
3339 14
2610 15
3385 16
2442 17
3273 18
3416 19
3167 20
4562 21
3902 22
3749 23
3964 24
5196 25
3479 26
3783 27
3687 28
4640 29
3740 30
4780 31
4294 32
5424 33
5989 34
4875 35
6066 36
6902 37
6243 38
7618 39
5749 40
6538 41
7089 42
5886 43
6751 44
5896 45
7513 46
7688 47
7763 48
8487 49
7410 50
7991 51
8025 52
7876 53
8634 54
7842 55
7998 56
11286 57
9477 58
10651 59
8986 60
10310 61
11242 62
9246 63
10351 64
10064 65
11164 66
11393 67
11513 68
10656 69
10919 70
10594 71
11724 72
12038 73
12801 74
11919 75
12740 76
12904 77
14385 78
13588 79
14131 80
13638 81
15278 82
14918 83
16682 84
13931 85
13895 86
15578 87
17183 88
14877 89
15682 90
15025 91
16082 92
17575 93
17320 94
16890 95
16348 96
17697 97
18198 98
18084 99
20301 100
20555 101
19371 102
22238 103
20039 104
20802 105
21452 106
20305 107
21746 108
21535 109
22360 110
23975 111
23951 112
23141 113
23845 114
24167 115
24503 116
24116 117
25531 118
25627 119
25073 120
27178 121
26890 122
26369 123
26732 124
27032 125
28350 126
27819 127
29348 128
30475 129
29043 130
31235 131
30269 132
31507 133
31375 134
31922 135
31425 136
33390 137
33063 138
32930 139
33869 140
34299 141
34732 142
34515 143
35681 144
36498 145
37726 146
35726 147
37195 148
37026 149
37752 150
41626 151
40220 152
40233 153
39518 154
41440 155
41098 156
42418 157
41701 158
43539 159
42204 160
43492 161
42533 162
44362 163
44986 164
45942 165
46100 166
45944 167
44669 168
48745 169
47798 170
49116 171
48660 172
50187 173
52546 174
50543 175
51327 176
51173 177
52534 178
53002 179
53498 180
54254 181
54600 182
54785 183
57351 184
56428 185
56046 186
56855 187
57236 188
58990 189
58355 190
59818 191
60303 192
60141 193
61952 194
62208 195
62229 196
62440 197
63731 198
65822 199
66304 200
65087 201
64148 202
65538 203
68760 204
66581 205
67214 206
67855 207
67635 208
71320 209
69354 210
69024 211
70446 212
70821 213
75940 214
74225 215
74355 216
75056 217
74065 218
74942 219
76696 220
77065 221
80201 222
78466 223
79561 224
80599 225
79740 226
81796 227
80993 228
84207 229
82690 230
82580 231
83641 232
83615 233
85223 234
84783 235
87383 236
86270 237
86156 238
86930 239
87561 240
87159 241
88147 242
90038 243
88581 244
90219 245
88312 246
90149 247
90663 248
91861 249
91246 250
90174 251
92344 252
91703 253
92642 254
93927 255
95024 256
94470 257
97351 258
96255 259
95209 260
96578 261
96617 262
95272 263
95015 264
96128 265
95697 266
96400 267
96155 268
98482 269
97524 270
97057 271
97170 272
97919 273
99575 274
98972 275
99054 276
100587 277
100512 278
101576 279
101236 280
102153 281
102662 282
100750 283
102184 284
102304 285
103534 286
103010 287
103374 288
103516 289
105013 290
104278 291
104502 292
104887 293
105298 294
105742 295
106219 296
107803 297
108243 298
107539 299
109271 300
