2033 9
2563 10
3080 11
2301 12
2422 13
2993 14
3125 15
3493 16
2965 17
3412 18
3484 19
4779 20
3311 21
5518 22
4533 23
5248 24
4592 25
4440 26
4447 27
6269 28
5461 29
6687 30
6395 31
6943 32
7376 33
8332 34
6023 35
8106 36
9148 37
8049 38
8743 39
8713 40
8752 41
8561 42
8294 43
9889 44
10012 45
9932 46
9977 47
11312 48
11303 49
11376 50
11368 51
12017 52
11842 53
12838 54
13262 55
12742 56
13567 57
13157 58
16744 59
14509 60
15722 61
16134 62
15567 63
16632 64
16378 65
17714 66
17782 67
18416 68
19190 69
20636 70
19513 71
19926 72
21557 73
20080 74
22425 75
22166 76
22134 77
23753 78
23707 79
23774 80
24391 81
25280 82
27253 83
25595 84
28728 85
28516 86
28293 87
28638 88
30219 89
32001 90
29379 91
31210 92
32161 93
33056 94
31846 95
34757 96
34518 97
35827 98
44129 99
35112 100
37746 101
38398 102
38963 103
39713 104
39632 105
40794 106
43115 107
41407 108
43501 109
45583 110
45659 111
44909 112
47802 113
48550 114
48616 115
49694 116
49838 117
53009 118
51909 119
51006 120
55959 121
54616 122
56059 123
56961 124
56754 125
61405 126
61012 127
71084 128
75509 129
67675 130
62438 131
64753 132
66561 133
67749 134
68399 135
69782 136
68977 137
69013 138
71245 139
73195 140
73697 141
74984 142
78506 143
75487 144
77399 145
80485 146
79678 147
80275 148
82042 149
84230 150
83791 151
84528 152
86232 153
86436 154
88884 155
87896 156
88643 157
88941 158
90641 159
93678 160
94137 161
97352 162
96347 163
96323 164
98624 165
97613 166
96567 167
100343 168
100153 169
101534 170
102313 171
102753 172
104710 173
103430 174
103802 175
103175 176
104846 177
106296 178
106548 179
106400 180
105593 181
109272 182
108772 183
111678 184
109625 185
111592 186
110936 187
112758 188
113318 189
112402 190
113649 191
113274 192
118510 193
116481 194
115095 195
118329 196
118772 197
119622 198
119385 199
120040 200
122119 201
123406 202
123627 203
123029 204
124556 205
125143 206
125716 207
128809 208
127357 209
129445 210
130808 211
129842 212
130119 213
141634 214
133933 215
135084 216
134700 217
134677 218
138078 219
143400 220
138587 221
140342 222
141242 223
143976 224
143113 225
143244 226
148173 227
145292 228
148154 229
144858 230
151053 231
160232 232
150276 233
154237 234
154469 235
151848 236
154558 237
152936 238
158126 239
154250 240
156969 241
159647 242
162604 243
157627 244
156299 245
165585 246
164082 247
166641 248
164540 249
163167 250
169379 251
168579 252
171664 253
173131 254
178789 255
167919 256
175136 257
181093 258
181041 259
178874 260
179844 261
177047 262
181835 263
182493 264
183682 265
184393 266
185353 267
185525 268
185669 269
188115 270
189960 271
192215 272
188236 273
193392 274
195992 275
197438 276
197443 277
197496 278
197711 279
204001 280
199811 281
206468 282
205038 283
205318 284
202650 285
203880 286
205720 287
209868 288
215869 289
215004 290
214675 291
213099 292
218124 293
211675 294
216156 295
216301 296
218888 297
215432 298
216741 299
220965 300
