71 7
81 8
89 9
126 10
171 11
200 12
239 13
288 14
364 15
361 16
410 17
1829 18
3112 19
4438 20
2546 21
2630 22
2718 23
1703 24
2637 25
2070 26
2660 27
2087 28
1820 29
2531 30
2078 31
3246 32
3079 33
2528 34
2995 35
2407 36
2638 37
3247 38
3150 39
3549 40
3701 41
3702 42
4965 43
3856 44
4047 45
4526 46
4227 47
4490 48
4948 49
5330 50
5429 51
5406 52
5831 53
5919 54
6132 55
6636 56
7294 57
6928 58
6900 59
7505 60
7622 61
8410 62
8983 63
8290 64
8691 65
9021 66
9644 67
9564 68
10316 69
10284 70
10842 71
12298 72
11576 73
11919 74
12227 75
12664 76
13217 77
13300 78
14506 79
14244 80
14085 81
15997 82
15148 83
15317 84
16356 85
16059 86
16536 87
17906 88
17615 89
18081 90
18996 91
19073 92
19668 93
21292 94
20535 95
21685 96
20858 97
22523 98
22682 99
23616 100
24181 101
24035 102
25106 103
24941 104
26027 105
26177 106
27629 107
26906 108
28430 109
28379 110
29726 111
30705 112
29549 113
31664 114
30914 115
32930 116
34320 117
34039 118
34079 119
34684 120
36151 121
36939 122
37614 123
37333 124
36951 125
38124 126
38323 127
39390 128
40682 129
40735 130
41757 131
43629 132
42900 133
46165 134
44298 135
44566 136
45700 137
46984 138
47309 139
48603 140
49482 141
50535 142
50957 143
52679 144
54510 145
52434 146
54956 147
55208 148
55163 149
55968 150
57746 151
57024 152
57878 153
59862 154
60160 155
60395 156
60538 157
62637 158
62680 159
64245 160
65126 161
65355 162
65988 163
67865 164
70668 165
71193 166
69786 167
70356 168
72940 169
73374 170
73736 171
74975 172
75741 173
75753 174
76274 175
79436 176
77959 177
81868 178
81718 179
81936 180
83600 181
83108 182
85593 183
87724 184
87486 185
88194 186
88997 187
88326 188
91084 189
93141 190
91924 191
93312 192
94709 193
96118 194
97902 195
96829 196
98905 197
99075 198
100104 199
101896 200
101182 201
118544 202
119267 203
107695 204
105836 205
105537 206
105967 207
108862 208
107209 209
107899 210
109145 211
114270 212
130093 213
127418 214
113997 215
115205 216
114954 217
115696 218
115405 219
114835 220
116135 221
116753 222
118480 223
119192 224
120052 225
118984 226
120467 227
122805 228
122537 229
123452 230
123827 231
124155 232
123299 233
125654 234
127173 235
126722 236
127098 237
128177 238
130279 239
129305 240
131306 241
131274 242
131594 243
132868 244
134938 245
132344 246
135779 247
138175 248
140201 249
137258 250
138759 251
140607 252
140800 253
141046 254
140289 255
142285 256
144309 257
142943 258
144084 259
144897 260
145700 261
147114 262
147403 263
149039 264
147472 265
151966 266
149502 267
153042 268
152161 269
151098 270
153071 271
153025 272
155100 273
155042 274
157563 275
159347 276
159014 277
155644 278
158999 279
160446 280
161367 281
163243 282
163820 283
164680 284
164377 285
165781 286
167034 287
166688 288
166932 289
168366 290
170816 291
170604 292
170115 293
172377 294
172460 295
174700 296
172894 297
176406 298
177063 299
176866 300
