70 9
107 10
127 11
149 12
221 13
276 14
289 15
369 16
2407 17
3965 18
2359 19
1840 20
2419 21
3758 22
2556 23
1902 24
2250 25
1819 26
1963 27
1840 28
2068 29
2185 30
3048 31
4078 32
2785 33
3071 34
3426 35
3582 36
3032 37
3622 38
3832 39
3637 40
4496 41
4615 42
5284 43
4972 44
5097 45
5207 46
5670 47
6098 48
6108 49
7027 50
6688 51
6899 52
7220 53
7820 54
7823 55
8418 56
8707 57
9075 58
9320 59
10177 60
10392 61
10845 62
11224 63
11120 64
11737 65
12223 66
12678 67
12803 68
13674 69
13894 70
14449 71
15211 72
16079 73
16601 74
16272 75
16790 76
17338 77
17175 78
18216 79
20753 80
19021 81
20499 82
20600 83
21127 84
23038 85
22138 86
22905 87
24620 88
24500 89
25842 90
26077 91
25888 92
26022 93
27728 94
27811 95
29535 96
28875 97
30480 98
30939 99
33654 100
31868 101
33078 102
33876 103
35281 104
34656 105
37391 106
36594 107
37732 108
39310 109
39351 110
40244 111
40799 112
41283 113
42513 114
43427 115
45701 116
44123 117
46746 118
47191 119
48484 120
48277 121
50822 122
52056 123
53202 124
54007 125
52125 126
55054 127
54735 128
55948 129
58069 130
59072 131
60383 132
60910 133
62095 134
62462 135
62748 136
65002 137
66331 138
65986 139
68402 140
68183 141
68409 142
69420 143
71737 144
73256 145
74408 146
75049 147
75876 148
77509 149
78782 150
79213 151
81278 152
81569 153
82268 154
82799 155
85319 156
86077 157
86465 158
88617 159
88181 160
90760 161
91553 162
93505 163
95067 164
94520 165
97306 166
97401 167
98698 168
100793 169
101646 170
101735 171
102852 172
103446 173
104687 174
105034 175
105868 176
107983 177
108391 178
109120 179
110844 180
109765 181
112276 182
113918 183
113887 184
115194 185
116570 186
115763 187
118577 188
118128 189
119509 190
121224 191
121871 192
122973 193
122481 194
123697 195
125067 196
126636 197
125837 198
127082 199
128693 200
130540 201
128954 202
130984 203
131156 204
131585 205
135102 206
134503 207
134128 208
136624 209
138013 210
139066 211
140349 212
140137 213
141653 214
140048 215
142852 216
142916 217
145497 218
147828 219
147662 220
145893 221
148352 222
149024 223
149825 224
155101 225
149707 226
154902 227
155514 228
156141 229
155530 230
155726 231
159816 232
158452 233
158750 234
159968 235
162640 236
162899 237
164678 238
164835 239
167438 240
167654 241
169022 242
168410 243
167582 244
172640 245
171657 246
171615 247
172637 248
175988 249
178260 250
179660 251
178985 252
179855 253
178670 254
183552 255
184058 256
187833 257
187450 258
185232 259
186906 260
185248 261
186894 262
189198 263
194073 264
187746 265
195370 266
197611 267
194870 268
194691 269
197918 270
196631 271
196418 272
197889 273
198259 274
205074 275
208961 276
206077 277
206569 278
207583 279
207537 280
207349 281
211716 282
209866 283
212652 284
214916 285
214321 286
216946 287
220899 288
220076 289
221455 290
219316 291
220894 292
225754 293
221703 294
227048 295
224646 296
229354 297
228664 298
230917 299
231005 300
