201 5
253 6
298 7
249 8
286 9
348 10
344 11
373 12
439 13
445 14
510 15
550 16
581 17
599 18
625 19
682 20
826 21
2276 22
2440 23
2770 24
2119 25
1631 26
2737 27
2839 28
2076 29
2751 30
2547 31
2209 32
2275 33
2556 34
2100 35
2245 36
2505 37
3218 38
4568 39
3194 40
3349 41
3413 42
3129 43
3495 44
3407 45
3330 46
3773 47
4286 48
4392 49
4334 50
4637 51
4742 52
4494 53
4355 54
5540 55
4753 56
5211 57
5034 58
5601 59
5823 60
6235 61
6289 62
6300 63
6363 64
6840 65
6976 66
7180 67
7581 68
7915 69
7864 70
8213 71
8152 72
8729 73
8893 74
9674 75
9102 76
10162 77
9660 78
9871 79
11222 80
10084 81
10909 82
11958 83
11167 84
11344 85
11989 86
12231 87
11939 88
13067 89
13364 90
13384 91
14066 92
14098 93
13940 94
15023 95
15070 96
14870 97
15837 98
16353 99
16228 100
16724 101
16504 102
17311 103
18289 104
18534 105
18710 106
18694 107
19377 108
18965 109
20610 110
19951 111
21227 112
21229 113
21944 114
22114 115
23490 116
22270 117
23639 118
23238 119
23805 120
23748 121
25920 122
24119 123
25574 124
27093 125
27234 126
27179 127
27220 128
28363 129
27455 130
28211 131
30748 132
29752 133
30502 134
31426 135
31831 136
31327 137
33242 138
33094 139
33879 140
33187 141
34993 142
35694 143
34957 144
36392 145
38704 146
36433 147
37964 148
37300 149
38667 150
39368 151
39469 152
39465 153
41121 154
40636 155
41382 156
42138 157
42509 158
43035 159
43408 160
43605 161
45188 162
46182 163
46297 164
46417 165
47182 166
48515 167
48526 168
48929 169
48603 170
50063 171
51658 172
51517 173
51583 174
53050 175
53035 176
56100 177
54825 178
57575 179
55787 180
56576 181
55786 182
58374 183
58185 184
58013 185
59517 186
59856 187
60684 188
60905 189
60950 190
62578 191
63652 192
63375 193
65218 194
64978 195
66380 196
67536 197
67582 198
70731 199
67594 200
68940 201
70618 202
70805 203
72969 204
71746 205
73641 206
74354 207
74384 208
74939 209
76629 210
75858 211
76897 212
78962 213
78883 214
80616 215
80532 216
80732 217
83253 218
81928 219
82786 220
84945 221
84995 222
86018 223
86652 224
87603 225
88495 226
89515 227
89691 228
90182 229
91595 230
92844 231
92927 232
92488 233
93488 234
94793 235
94998 236
96598 237
98704 238
97010 239
97831 240
99064 241
98418 242
99643 243
100205 244
99905 245
101891 246
100313 247
103293 248
102236 249
103117 250
103608 251
105466 252
103873 253
105810 254
106282 255
107239 256
108135 257
106898 258
108046 259
108345 260
109019 261
108945 262
109492 263
111715 264
110678 265
111628 266
112301 267
113642 268
112638 269
113611 270
113573 271
115499 272
117623 273
114776 274
116110 275
116058 276
119829 277
119297 278
118270 279
120069 280
120691 281
121710 282
120689 283
120835 284
120930 285
122094 286
124428 287
123383 288
124778 289
125940 290
124748 291
126273 292
124819 293
126153 294
127592 295
127253 296
128491 297
130545 298
129659 299
131506 300
