224 9
254 10
277 11
348 12
436 13
416 14
540 15
556 16
2590 17
3294 18
1935 19
1849 20
1767 21
2911 22
3826 23
2114 24
3518 25
2809 26
2896 27
3105 28
2529 29
2523 30
2503 31
2477 32
2766 33
3521 34
4184 35
3190 36
3617 37
3550 38
4414 39
4237 40
4322 41
4687 42
4891 43
4995 44
5697 45
5294 46
6130 47
6035 48
6219 49
6813 50
7292 51
7348 52
7606 53
8129 54
8175 55
8371 56
9260 57
9533 58
9907 59
9849 60
10619 61
11746 62
11339 63
11313 64
12283 65
12747 66
12592 67
13377 68
13873 69
14746 70
14888 71
15121 72
16313 73
16674 74
16929 75
17325 76
19167 77
18234 78
19020 79
19561 80
19930 81
20504 82
23125 83
22103 84
24461 85
21923 86
23519 87
24314 88
25501 89
24984 90
26340 91
27562 92
27378 93
28517 94
28230 95
30912 96
29132 97
32357 98
31549 99
32465 100
32350 101
34683 102
34319 103
35386 104
36804 105
35745 106
36705 107
37095 108
39479 109
39999 110
39047 111
41115 112
43164 113
42057 114
44975 115
45615 116
44762 117
46243 118
48068 119
48908 120
48340 121
50170 122
50434 123
52306 124
52686 125
53636 126
54369 127
54788 128
55960 129
57578 130
57423 131
59488 132
60609 133
60989 134
62796 135
62286 136
62613 137
64450 138
66787 139
68319 140
67721 141
69994 142
70615 143
72040 144
70622 145
73822 146
72556 147
74008 148
77382 149
76769 150
80442 151
80111 152
80435 153
81578 154
83578 155
84572 156
83726 157
86892 158
88765 159
89830 160
91330 161
93368 162
91693 163
93650 164
95062 165
96092 166
96566 167
97353 168
98757 169
100172 170
101269 171
103630 172
103443 173
103079 174
105953 175
106184 176
106876 177
107481 178
107858 179
109900 180
109843 181
111232 182
114224 183
112935 184
115105 185
114544 186
115706 187
117727 188
118095 189
117935 190
121325 191
120737 192
122647 193
121167 194
123987 195
123641 196
125205 197
125971 198
127354 199
127591 200
129474 201
128438 202
131848 203
131812 204
131306 205
133670 206
134299 207
134584 208
136356 209
138491 210
139748 211
138466 212
139471 213
139224 214
141180 215
142103 216
142433 217
142251 218
143906 219
145537 220
146575 221
146641 222
151065 223
148099 224
150661 225
150911 226
151013 227
155384 228
153382 229
157030 230
156940 231
158586 232
157570 233
159887 234
159451 235
163908 236
160419 237
162100 238
164918 239
162171 240
168271 241
166462 242
168264 243
168164 244
168159 245
170587 246
173553 247
170513 248
172711 249
175417 250
176523 251
179733 252
177522 253
179799 254
180081 255
180819 256
182687 257
180578 258
184773 259
185600 260
182651 261
192978 262
187041 263
192213 264
189426 265
190113 266
195524 267
193335 268
195657 269
195506 270
196518 271
202198 272
199645 273
201301 274
200965 275
202490 276
201695 277
206021 278
204990 279
205727 280
206397 281
210055 282
209756 283
211590 284
214451 285
213609 286
217212 287
215317 288
218003 289
219976 290
220645 291
218801 292
223538 293
220098 294
229906 295
226967 296
226906 297
226838 298
231052 299
229657 300
