10 115.6 7.92717
20 751.8 7.52064
30 2231.9 1107.39
40 3625.5 572.135
50 5734.2 162.511
60 8507.3 652.687
70 10724.4 1051.86
80 14597.5 838.216
90 19142.3 1844.16
100 23544.4 1421.57
110 28346.2 640.501
120 33763.1 754.506
130 39167.1 210.926
140 45943.1 527.507
150 52659.9 197.723
160 60174.5 389.163
170 68415.3 402.294
180 77308.4 1253.67
190 85930 1521.69
200 93506 402.942
210 99184 409.451
220 105657 1060.1
230 111569 1129.34
240 116788 2514.36
250 124915 630.862
260 132753 721.732
270 140460 636.377
280 151510 7827.93
290 156848 1608.04
300 165680 4372.58
310 174565 1980.35
320 182605 2128.25
330 191479 6014.73
340 201581 6123.38
350 209754 4004.81
360 219012 5983.27
370 231222 3570.85
380 240174 3034.03
390 251482 3557.68
400 261879 6080.58
410 273685 6567.94
420 285578 6610.52
430 298943 3735.36
440 312992 4836.61
450 324304 4896.75
460 335440 1374.32
470 354163 7148.13
480 365634 7752.65
490 376840 6331.65
500 391046 7189.48
510 408070 8651.2
520 425405 8538.09
530 439638 6576.54
540 452788 3716.61
550 470254 7511
560 484764 3984
570 508520 10729.3
580 524912 7698.54
590 551406 23386.7
600 555402 3603.64
610 589081 23010.3
620 601336 10997.7
630 621159 9428.17
640 639689 14674.2
650 652397 6991.47
660 674389 5499.98
670 704471 9784.9
680 727741 22698.6
690 749456 12616.5
700 766566 11490.3
710 786697 13673.9
720 806800 8757
730 829722 8039.96
740 860574 15972.3
750 884772 18911.8
760 902394 10729.3
770 919100 12151.6
780 950578 11037.5
790 964928 8754.32
800 1.00151e+06 16240.7
810 1.03268e+06 25526.5
820 1.05e+06 12185.3
830 1.06683e+06 14656.1
840 1.1098e+06 40776.5
850 1.13097e+06 18600.5
860 1.16067e+06 22676.2
870 1.18592e+06 23781.5
880 1.2053e+06 15200.2
890 1.22813e+06 7108.24
900 1.25658e+06 13843.3
910 1.32801e+06 37198.3
920 1.3288e+06 24949.9
930 1.35516e+06 15686.6
940 1.37124e+06 13150.8
950 1.40878e+06 22340.9
960 1.43078e+06 10400.4
970 1.47799e+06 27576
980 1.49482e+06 21402
990 1.5296e+06 19289.1
1000 1.57951e+06 38027.6
