10 6087.2 3324.8
20 7222.9 3511
30 7798.8 2346.56
40 9840.1 2853.79
50 10964.1 2265.87
60 14086.6 1922.98
70 20041.7 4371.08
80 22776.3 1866.02
90 26254.8 1115.33
100 32638 1988.91
110 47251.7 5438.61
120 57396 15764.1
130 53768.9 5199.39
140 63986.3 5226.65
150 70802.8 5151.54
160 76487.2 2330.28
170 93924.9 12655
180 102115 4322.11
190 102004 1578.79
200 108787 2243.69
210 114397 2699.16
220 120540 862.066
230 129560 1325.43
240 138438 2110.7
250 164171 13550.4
260 157785 7313.84
270 165757 2962.55
280 171847 5056.56
290 188345 20515.3
300 217657 27814.9
310 205894 8344.42
320 213571 4762.22
330 227560 6784.35
340 240379 8345.08
350 252468 10033.3
360 274200 9180.59
370 301826 42850.4
380 346938 37881.5
390 322396 21523.6
400 338148 33523.1
410 357542 20078.8
420 411867 55146.8
430 430116 64551.5
440 381581 28471.1
450 382990 4199.25
460 402930 13983.8
470 431439 13452.8
480 460253 37355.6
490 485422 23491
500 594381 67624.7
510 491141 9249.63
520 503194 3089.02
530 524034 5837.97
540 541705 6118.27
550 561592 5705.5
560 581278 6915.68
570 621773 28579.2
580 673010 17420.1
590 677350 23887.5
600 677923 11508.1
610 710680 11306
620 731396 11745.1
630 749976 8642.88
640 770597 6794.9
650 810077 21278.1
660 827447 11556.8
670 864382 9670.64
680 925933 55903.1
690 933832 56389.6
700 944498 16378.6
710 965111 13894.9
720 999100 23295
730 1.02776e+06 16237
740 1.07381e+06 39365.3
750 1.277e+06 166043
760 1.2154e+06 81833.7
770 1.24573e+06 95629.8
780 1.22219e+06 72894.6
790 1.20791e+06 25302.2
800 1.24201e+06 31636.1
810 1.32105e+06 51945.6
820 1.253e+06 12706.8
830 1.32126e+06 17655.2
840 1.35402e+06 17849.8
850 1.44879e+06 69501.6
860 1.40688e+06 29401.8
870 1.49167e+06 52194.2
880 1.51259e+06 70884.5
890 1.52062e+06 20086.4
900 1.58402e+06 48570.4
910 1.58938e+06 21937.9
920 1.66102e+06 59105.3
930 1.97053e+06 219402
940 1.82972e+06 83583
950 1.96664e+06 162144
960 1.88009e+06 35393.8
970 1.88391e+06 24640.9
980 1.92639e+06 28781.1
990 1.96696e+06 13206.6
1000 2.13011e+06 226846
