10 292.7 32.5486
20 597.9 40.1384
30 1075.3 81.7411
40 3345.5 2502.69
50 4443 2650.53
60 5380.3 1499.26
70 5908.9 1733.85
80 6539.8 1325.28
90 8525.2 1439.59
100 11140.3 4490.73
110 11997.5 1806.83
120 14728.7 1182.24
130 16643.1 1168.88
140 19795 3223.28
150 23025.1 3345.3
160 27210.6 1655.39
170 28522.6 918.759
180 30829.1 441.679
190 34821.8 1841.34
200 36981 145.214
210 41351.8 577.427
220 45715.5 941.956
230 49824.2 1142.78
240 53235.3 1084.52
250 58034.3 1224.17
260 63232.7 4221.84
270 66977 1614.51
280 71391.6 156.91
290 76855.5 1153.07
300 81974.2 807.073
310 86710 1856.04
320 91146.5 1801
330 93756.7 1752.84
340 95664.2 2914.69
350 101284 1214.02
360 104949 1086.02
370 109642 2892.47
380 112554 2817.04
390 115878 2271.81
400 119490 1538.89
410 122461 3039.1
420 128602 1008.92
430 132454 4452.01
440 138238 4102.94
450 142176 2627.19
460 147246 2328.49
470 151675 3564.54
480 157869 3901.3
490 163595 2996.68
500 167952 3109.41
510 172763 4695.35
520 178155 2475.42
530 186562 3893.76
540 190575 4062.91
550 198553 5364.65
560 223410 30125
570 277110 4199.58
580 234433 30395.2
590 222932 2705.14
600 230626 4274.74
610 241195 5930.94
620 248643 3885.41
630 255084 4517.09
640 265775 7243.16
650 270111 2605.62
660 279408 4274.96
670 289039 5003.97
680 294747 2715.38
690 305782 4794.98
700 312916 2711.09
710 324020 6153.01
720 331031 4688.46
730 338655 1390.99
740 348826 2693.16
750 360644 6237.25
760 371646 6071.73
770 377748 2023.91
780 387051 2016.98
790 401414 8105.16
800 409148 5433.99
810 421397 9877.24
820 430624 6770.55
830 440153 5069.23
840 451748 6007.41
850 460304 2494.43
860 473206 7064.6
870 484794 6856.48
880 492642 3505.72
890 506982 7681.37
900 514270 4760.02
910 527914 10609.4
920 537639 6878.17
930 546112 1661.96
940 559345 5499.05
950 570011 6146.44
960 579605 2297.46
970 591647 3197.21
980 605678 6301.72
990 617452 3392.69
1000 630738 4504.2
