10 130.2 25.7286
20 452.9 38.8753
30 1023.5 35.8197
40 1681.8 96.4612
50 2792.9 200.431
60 3857.4 345.462
70 5259.3 164.953
80 6223.2 124.052
90 8219.4 872.282
100 9744.5 917.611
110 12242.9 949.487
120 14855.3 1825.99
130 19154.5 6085.32
140 19336.2 264.359
150 22232.1 381.549
160 25572.7 436.111
170 28684.1 231.942
180 33051.5 1790.23
190 37505.2 2207.52
200 39732.6 715.424
210 44037 1895.64
220 48624.7 1555.42
230 53828.4 1782.27
240 57855.3 3192.69
250 60776.1 283.5
260 67258.8 2326.66
270 71813.6 1399.48
280 76827.4 1765.31
290 80291.6 2608.28
300 83352 1185.58
310 86018.3 2351.9
320 90332.6 1210.63
330 93605 655.464
340 95890.1 2095.8
350 100327 2717.08
360 103720 2569.18
370 106400 2921.88
380 110901 2146.41
390 116677 3016.9
400 115904 3803.08
410 123905 3820.34
420 130689 4468.41
430 132164 3302.62
440 135494 4541.68
450 142608 2697.25
460 146750 3786.72
470 150808 4239.91
480 157466 4233.45
490 165351 8029.05
500 168701 3125.19
510 170844 3940.26
520 179588 4530.31
530 185449 4987.55
540 191928 4269.75
550 195942 5678.71
560 204110 5715.73
570 210788 5190.08
580 218706 5421.9
590 228177 6973.68
600 233117 6279.73
610 238873 5019.94
620 248107 7161.15
630 255849 6100.73
640 264657 6958.54
650 272310 5783.19
660 282010 9792.74
670 294067 7969.61
680 301036 7854.55
690 308410 7595.78
700 338542 12908.4
710 350450 16277.8
720 335839 12168.1
730 351446 18510.8
740 362533 14994.3
750 360099 7323.55
760 379748 18077.1
770 396040 12741.3
780 397259 12221.6
790 411270 10668.3
800 417140 9468.29
810 427410 7397.8
820 438704 9536.42
830 452689 9588.59
840 464647 14440.8
850 475235 13721.9
860 490983 17891.2
870 500893 9078.14
880 501522 12782.6
890 515826 12864
900 530413 7900.47
910 540485 9147.38
920 551390 8518.33
930 567622 14569
940 587082 10441.2
950 591702 13650.8
960 606787 11432.4
970 614643 9860.41
980 633730 11222.6
990 645605 12807.4
1000 661606 12368.9
