10 300.5 46.3039
20 714.5 13.1015
30 1927.9 743.296
40 3791.3 2051.12
50 4447 1100.92
60 6163.7 844.992
70 7060.1 655.01
80 9690.9 1500.39
90 10955.5 170.944
100 13827.3 761.965
110 17083.6 1615.38
120 20707.7 1343.71
130 24855.3 1780.12
140 28726.4 3392.8
150 31299.8 313.116
160 35483.8 151.89
170 40451.2 423.63
180 44954.7 346.875
190 50389 280.728
200 55632.6 59.1019
210 61082.9 178.303
220 67427 893.36
230 73860.4 958.352
240 80109.3 947.815
250 87861.7 1645.52
260 93148.2 1344.23
270 97918.8 1354.42
280 102764 1048.57
290 107683 1641.72
300 112935 1418.33
310 118897 1024.57
320 124374 2434.23
330 129440 2470.28
340 136242 981.032
350 142197 1214.58
360 147195 2095.66
370 153772 1052.48
380 160214 1521.46
390 165449 2996.83
400 170334 3805.32
410 178932 2953.72
420 217893 28558
430 255298 4821.6
440 235691 36018.7
450 209654 2474.11
460 215217 4132.76
470 222809 2783.35
480 232110 3853.15
490 241016 5926.88
500 252680 3528.85
510 259512 3747.88
520 267737 2876.21
530 280069 4145.4
540 287397 2273.43
550 301539 5297.02
560 307978 4847.44
570 322184 5911.98
580 333707 5844.4
590 341381 4656.31
600 355461 5501.16
610 367138 5570.38
620 379335 3289.43
630 390307 4729.44
640 407335 7706.79
650 417116 7415.29
660 430125 8127.81
670 439812 6077.31
680 455310 6214.13
690 468406 6530.94
700 482886 6630.44
710 503997 19189.4
720 532964 29232.5
730 530593 7681.25
740 545834 16275.2
750 558974 8730.58
760 573909 8798.66
770 582737 7843.88
780 602121 10355.2
790 624126 13556.2
800 631432 8499.43
810 648011 14028.7
820 660005 7638.75
830 671703 5210.72
840 688406 3365.43
850 708862 7299.15
860 725217 8306.91
870 762448 29455.6
880 769001 16023.1
890 789446 8695.19
900 813727 22806.6
910 826816 26632.2
920 908585 37538.4
930 862027 26674.9
940 889807 24734.3
950 912674 27997.3
960 964801 47207.6
970 925915 25479.3
980 938125 19062.1
990 950451 10823.6
1000 972664 13369.1
