10 117.8 7.80769
20 438.3 10.1494
30 926.7 28.9035
40 3892.1 2275.51
50 3952.7 2054.63
60 6034.3 2724.56
70 5873 1510.62
80 6199.8 683.343
90 7923.1 809.094
100 8942.7 32.4778
110 12188.6 1823.19
120 14527.1 1046.51
130 18704.1 1690.25
140 18955.7 1598.86
150 23200.6 3620.67
160 27920.3 1417.23
170 29190.1 2890.37
180 33197.6 1637.42
190 32911.5 225.981
200 40407.6 9938.69
210 40607 893.444
220 44452.1 266.811
230 48776.9 345.153
240 53108.2 920.391
250 58089.1 2500.45
260 71241.5 10876
270 73739.7 4660.24
280 81655.2 7792.24
290 90809.4 9826.18
300 90831.8 8212.94
310 86366.2 1169.31
320 87620 5337.1
330 92333.1 4554.43
340 96036.2 3842.01
350 99280.8 5222.18
360 103004 4696.99
370 108023 2411.78
380 111284 5481.26
390 114948 5436.44
400 120258 745.437
410 124129 1757.6
420 123260 4625.35
430 131378 3810.9
440 134302 3949.96
450 139725 4548.91
460 145302 2303.94
470 150878 2691.28
480 155911 1946.22
490 162273 3943.5
500 166202 5152.24
510 171604 3014.19
520 178350 6227.53
530 182405 3492.22
540 189410 3169.07
550 196808 3518.27
560 200567 2357.93
570 209057 3867.92
580 218422 6544.18
590 222572 3133.8
600 230556 3262.63
610 237395 1351.42
620 246774 3709.73
630 253710 2033.27
640 261979 3112.85
650 270250 2713.57
660 278166 2454.64
670 290505 5226.4
680 298027 6231.46
690 303161 1258.27
700 316198 7431.28
710 323299 5431.43
720 333264 6774.73
730 341554 5658.38
740 355242 8919.48
750 359830 4503.04
760 367777 1818.11
770 379244 3226.11
780 387844 3513.48
790 400535 6330.99
800 409109 5276.33
810 416640 950.778
820 428886 2861.79
830 441175 6718.29
840 451310 4973.87
850 461883 5261.01
860 475886 8072.94
870 497824 8789.48
880 502812 10476.5
890 505551 3984.07
900 519286 6693.81
910 538200 11676.8
920 546509 6245.54
930 556823 5711.68
940 564858 5113.72
950 584539 8174.37
960 598667 10953.1
970 606025 10086.2
980 624164 11892.5
990 632086 8431.79
1000 642333 9827.35
