10 111.1 6.65507
20 3441.1 2782.11
30 3236.9 2509.98
40 3930.3 1509.55
50 6366.7 1880.04
60 8508 2544.13
70 10085.2 1586.03
80 12864.6 951.615
90 19446.1 3473.74
100 22617.3 678.394
110 27396.5 3256.32
120 30357 1387.9
130 36736.4 1557.26
140 42495.6 2384.97
150 45939 433.553
160 52990.1 3144.57
170 60481.9 2672.79
180 67837.7 3728.68
190 73876.2 883.463
200 82801.9 3214.84
210 90185.2 321.272
220 99038.7 678.416
230 104997 765.729
240 110739 1215.34
250 116199 1543.54
260 123618 1352.69
270 130547 2749.56
280 139633 2728.05
290 145966 1715.95
300 151351 4241.46
310 159158 3387.51
320 167816 2995.54
330 174262 4345.67
340 183530 2005.27
350 203355 13785.8
360 220348 21155.7
370 211398 6940.32
380 221580 6970.75
390 241793 19268.9
400 281116 23217.3
410 304582 16781.5
420 325014 24215.1
430 322520 15604.3
440 299798 20486.2
450 341780 27364.8
460 327603 20412.7
470 315315 5996.65
480 328109 1261.1
490 340126 3335.3
500 356688 7048.44
510 408980 54471.5
520 439963 49209.2
530 493977 57246.7
540 463337 26800.4
550 447646 21781.9
560 446864 5029.38
570 465136 9952.29
580 489569 20111.4
590 518470 27544.6
600 595172 103482
610 563347 51023.4
620 612924 57245.5
630 626587 68063.3
640 662250 76880.7
650 631252 34139.9
660 690937 69184.1
670 733396 73359.9
680 787070 114628
690 733063 91527.2
700 874800 104593
710 963628 116454
720 870316 66680.1
730 862408 140006
740 893632 70519.3
750 843626 30952.9
760 872941 105983
770 844957 25449
780 897552 128621
790 873069 8884.24
800 914167 47057.2
810 1.07345e+06 148511
820 1.036e+06 64776.1
830 977668 27304.1
840 1.01803e+06 74941
850 1.0749e+06 61378.7
860 1.04344e+06 23625.3
870 1.0579e+06 9036.02
880 1.07035e+06 2937.17
890 1.09885e+06 10669.4
900 1.12579e+06 7752.76
910 1.146e+06 5228.01
920 1.17385e+06 6546
930 1.21142e+06 21063.9
940 1.23403e+06 26043.1
950 1.25611e+06 24262
960 1.28492e+06 24683
970 1.33636e+06 32937
980 1.33173e+06 12247.8
990 1.35487e+06 8915.26
1000 1.38545e+06 12777.1
