10 4377.3 2624.09
20 4268.1 3135.81
30 6738.9 3521.71
40 8822 3132.24
50 9621 2382.63
60 10425.1 4348.39
70 12138.6 3816.06
80 14926.2 3211.51
90 16555.6 2731.27
100 18459.9 2018.64
110 21131.6 2783.4
120 22219.7 1702.63
130 26900.4 2878.19
140 31223.3 2329.84
150 35471.6 2186.45
160 36244.3 1584.1
170 40069.5 2300.93
180 43526.7 1806.25
190 48388.8 2033.37
200 53832.5 3578.23
210 60035.8 7847.16
220 68999.1 6316.41
230 73107.5 7731.78
240 81511.7 6297.13
250 79355.8 3166.09
260 86891.7 2901.12
270 88890.4 374.29
280 93051.7 935.675
290 93562 2178.89
300 103267 4839.64
310 102000 1235.3
320 108248 1799.79
330 111628 1705.11
340 116299 1975.17
350 120323 2035.47
360 128446 2712.18
370 132962 3384.4
380 135672 4653.79
390 147345 7414.05
400 162333 2795.67
410 155287 5743.86
420 159255 7033.25
430 165336 4423.28
440 171236 7388.01
450 174934 4789.57
460 184841 4992.47
470 189510 8423.38
480 196261 4875.25
490 201985 5935.68
500 211444 5382.4
510 219805 6676.88
520 223049 4510.28
530 234284 5583.08
540 241361 4096.09
550 252329 5335.61
560 260578 5739.91
570 265504 3485.99
580 278788 9715.71
590 280736 5262.15
600 294299 5745.74
610 306076 3785.33
620 336034 22600.9
630 340617 16478.4
640 339812 15484.1
650 351110 15376.4
660 370641 21795.9
670 378870 16481.6
680 385561 14896.6
690 398658 13066.6
700 412326 8711.33
710 409200 13726.9
720 425190 18670.7
730 510059 64101.1
740 522999 65692.8
750 539608 41088.5
760 463219 14723.3
770 549860 66599.8
780 624712 72635.3
790 611964 75307.9
800 609751 63094.5
810 640324 77165
820 588136 49031.2
830 620343 72837.7
840 565160 14940.8
850 718795 67228.6
860 607997 53067.4
870 650461 35916.2
880 656554 29531.2
890 678607 37468.8
900 662458 13458.4
910 692775 49437.2
920 737742 34585.3
930 741126 37138.6
940 712991 17872.2
950 751309 24260.5
960 752417 16575.6
970 818476 44144.3
980 957245 111423
990 894586 86373.9
1000 860918 21884.5
