10 5446.7 3803.67
20 5129.7 2040.5
30 8095.1 3010.24
40 9146.5 3759.25
50 16133 3496.28
60 13145.7 2271.11
70 16970.4 3631.85
80 19467.8 1850.95
90 23195.1 2618.03
100 27276.3 1471.63
110 30674.8 2627.17
120 36820 1664.21
130 42530.9 4884.06
140 48933.3 10405.8
150 52991.1 2712.32
160 59294.5 1312.11
170 68168.9 4253.52
180 75427.9 4537.66
190 80007.5 1482.23
200 90021.5 2420.86
210 94773.9 1942.77
220 99872.2 1614.64
230 104904 1664.65
240 110814 606.375
250 118074 1981.42
260 152330 82121.1
270 188525 115119
280 138605 2756.21
290 153959 12299.7
300 183107 25723.2
310 171808 6304.8
320 189742 22934.2
330 185093 9694.3
340 186809 8189.83
350 195970 9025.89
360 203832 6304.31
370 212485 7214.2
380 222633 6306.63
390 231653 5420.77
400 269682 18321.7
410 277804 14912.8
420 299696 22146.6
430 298241 17927.3
440 314540 16271.8
450 324030 10371.8
460 359869 40478.9
470 369119 22093.9
480 363656 9577.37
490 376743 15076.3
500 391547 19029.5
510 552988 340648
520 382944 8153.89
530 422874 46721.5
540 491455 55296.1
550 455904 49503.1
560 439343 4991.22
570 454327 3916.4
580 467911 3634.92
590 598935 95696.5
600 510281 11310.7
610 524970 6296.5
620 580178 43498.3
630 557766 7417.85
640 580656 13752.8
650 605778 11537.2
660 631924 25606.4
670 712401 62751.4
680 710284 25321.4
690 742190 45831.8
700 740198 10673.3
710 802388 56153.2
720 799519 37606.6
730 843571 46314.4
740 834234 14976.5
750 872428 66806.7
760 877281 48247.4
770 955043 46616.1
780 952723 37334.9
790 992606 50658.2
800 1.05534e+06 86957.8
810 1.02094e+06 32931.6
820 1.08582e+06 53179.4
830 1.09838e+06 35275.6
840 1.12336e+06 66584.4
850 1.06021e+06 33493.9
860 1.13556e+06 47116.4
870 1.19017e+06 133103
880 1.1338e+06 41169.3
890 1.14377e+06 18031.8
900 1.19835e+06 65390.1
910 1.24494e+06 43884.8
920 1.26049e+06 51395.4
930 1.3084e+06 54249.9
940 1.29772e+06 81312
950 1.52777e+06 137978
960 1.33431e+06 111450
970 1.37042e+06 42032.3
980 1.40702e+06 46522.6
990 1.40797e+06 27520.8
1000 1.63592e+06 221119
