10 119.8 5.99667
20 562.1 50.6645
30 1302.1 29.2043
40 2567.7 738.495
50 3944.6 645.387
60 5716.7 1012.62
70 7400.9 648.969
80 9916.5 724.834
90 12635.2 1383.48
100 15473.9 884.637
110 18581.8 379.688
120 23052.2 1606.07
130 26504.3 1131.86
140 30509.3 275.735
150 35148.4 289.955
160 41645.8 2865.58
170 47428.3 2432.6
180 71741.1 22470
190 76351.5 19768.8
200 80140 20096
210 71591.8 2411.39
220 80202.4 3096.88
230 86662 6918.43
240 101233 19414.2
250 112497 12710.5
260 125179 10206.5
270 129664 13068.7
280 137265 17161
290 152482 11074.7
300 141915 10098.1
310 152042 17935.8
320 149046 17074.8
330 161845 16484.3
340 170943 12499.7
350 167296 14787.9
360 168475 20230.2
370 169936 13707.3
380 169028 8136.35
390 176794 5226.68
400 181934 3346.26
410 189490 3488.58
420 198982 5191.69
430 207334 3427.2
440 213887 2952.49
450 225145 5997.35
460 234065 8020.03
470 241791 7297.76
480 249493 4349.19
490 257736 5617.9
500 271670 8323.54
510 277147 6536.87
520 289780 5109.12
530 297311 4989.14
540 308317 9247.31
550 333334 12640.5
560 333491 4513.31
570 355146 14529
580 370733 15350.9
590 382722 29952.7
600 380977 15351.3
610 390102 6361.95
620 398870 5948.64
630 412218 3197.69
640 434660 10167.4
650 443314 7557.92
660 457996 6578.54
670 472253 10603.7
680 484683 9075.62
690 495015 4722.52
700 515919 9233.73
710 526374 7370.93
720 549346 10340.9
730 555471 5967.42
740 580705 12059.8
750 592166 7866.63
760 600933 4338.91
770 624978 10639.9
780 638149 14406.3
790 658989 21830.8
800 681445 16424.3
810 683615 9344.25
820 706602 11568.8
830 726450 12468.6
840 744486 15509.9
850 753968 10199.9
860 780858 16517.1
870 790595 10620.2
880 809943 9267.02
890 829877 12930
900 844066 12427.2
910 866707 13526.4
920 882230 12696
930 905460 16248.8
940 922344 11215
950 939788 6689.8
960 960896 7717.43
970 977614 7277.86
980 997961 7204.98
990 1.02487e+06 11637.1
1000 1.03785e+06 6144.42
