10 259.7 18.7353
20 3109.2 2753.08
30 3799.9 1982.33
40 6344.6 2987.95
50 8356.5 2760.27
60 9428.8 1120.43
70 13819.5 1626.03
80 17561.5 305.812
90 25420.9 3032.28
100 32714.6 6433.17
110 34395.2 1220.61
120 41781.5 2387.16
130 47880 662.357
140 56885 1691.81
150 64551.5 375.642
160 73773 367.702
170 83221.9 662.315
180 93008.9 197.355
190 103933 1907.47
200 110171 338.141
210 117713 1557.07
220 125895 1097.86
230 134458 440.226
240 143736 1048.08
250 151752 519.104
260 160575 1114.65
270 169834 555.542
280 179888 606.567
290 192147 3175.46
300 199079 3641.1
310 210887 3176.06
320 221618 3002.71
330 233875 1510.4
340 244976 4370.7
350 255363 3732.69
360 270009 2837.59
370 283711 2254.45
380 319572 46642.1
390 441183 10967.8
400 380673 65480.1
410 343446 5062.06
420 355980 4279.74
430 376355 7305.34
440 388874 8406.38
450 405667 2654
460 424068 4869.9
470 442057 4339.88
480 456747 4709.18
490 476709 7180.63
500 498316 10624.7
510 511996 4128.57
520 533707 4338.96
530 554764 6472.38
540 578743 11489.4
550 597014 7429.47
560 615835 4180.95
570 639457 7876.15
580 665620 12380.4
590 684721 6908.25
600 706477 6014.98
610 736152 13306.6
620 753830 4340.56
630 778745 5274.48
640 808104 12671.8
650 831657 8941.6
660 852883 3095.07
670 878204 6591.6
680 901611 2975.63
690 929828 5706.73
700 956168 5663.49
710 981158 4356.62
720 1.01021e+06 2898.93
730 1.04014e+06 12784.6
740 1.0659e+06 10048.3
750 1.09225e+06 5958.09
760 1.12195e+06 7859.81
770 1.14965e+06 8014.77
780 1.18386e+06 7979.34
790 1.21012e+06 7147.1
800 1.2431e+06 13369.1
810 1.26518e+06 5078.94
820 1.29853e+06 4497.6
830 1.3346e+06 14203
840 1.36201e+06 7410.86
850 1.39727e+06 7433.26
860 1.43138e+06 8032.29
870 1.45966e+06 8231.97
880 1.52966e+06 40194.3
890 1.56803e+06 10245.3
900 1.6251e+06 21038
910 1.63878e+06 21799
920 1.6981e+06 63070.7
930 1.6642e+06 11414.9
940 1.70055e+06 8132.94
950 1.73893e+06 4760.6
960 1.7718e+06 12266.2
970 1.80411e+06 7966.12
980 1.85744e+06 25247.5
990 1.90336e+06 57887.5
1000 1.92552e+06 20784.9
