10 280.2 17.1161
20 2757.4 2488.25
30 3430.2 1864.84
40 3592.7 1271.69
50 5610.4 1065.33
60 7402.8 1245.82
70 9478.6 566.365
80 13028.4 1887.94
90 16207.5 853.298
100 21071.5 1438.31
110 26116.5 2152.42
120 28929 648.249
130 33851.9 110.622
140 39313.3 120.834
150 45846.4 1442.48
160 56049 7762.68
170 59337.7 2217.92
180 67622.6 5133.88
190 73264.1 721.45
200 81601.6 1155.97
210 90142.3 1688.33
220 98429.8 629.619
230 104267 901.891
240 110172 1355.42
250 116032 906.736
260 123384 347.328
270 130722 566.592
280 137874 538.858
290 144888 574.355
300 159129 17882.3
310 158996 3199.11
320 167513 3091.31
330 174324 4672.5
340 183179 2816.87
350 191781 4427.66
360 199884 2964.98
370 214349 7494.73
380 222051 6041.65
390 232529 3311.46
400 240293 5174.11
410 251357 3844.07
420 262880 3857.07
430 276684 5422.6
440 286107 5483.75
450 299677 4643.81
460 308917 4259.71
470 324209 7383.87
480 341810 6979.89
490 348137 9350.94
500 364624 6260.39
510 375800 5152.57
520 390776 7679.75
530 410604 19002.8
540 414781 4375.27
550 432354 5458.29
560 445464 5640.28
570 460494 4018.29
580 475480 3433.28
590 493378 7112.81
600 512278 7038.34
610 526349 4436.04
620 553497 25229.2
630 567387 13250.3
640 587769 17371.7
650 602837 7532.78
660 617995 5599.8
670 640384 16730.8
680 653135 5908.66
690 670582 4066.29
700 694104 7750.31
710 720993 21866.8
720 757620 29769.2
730 792858 32451.8
740 768147 5001.34
750 795887 7344.91
760 811446 9498
770 838134 5445.4
780 853024 7754.6
790 874653 5193.57
800 892582 7530.24
810 921953 12839.8
820 940056 7610.34
830 960176 6551.38
840 983880 8885.04
850 1.01191e+06 7708.15
860 1.02924e+06 8318.72
870 1.0518e+06 9707.95
880 1.08186e+06 13665.7
890 1.1011e+06 6507.23
900 1.12215e+06 10629.5
910 1.1513e+06 8023.79
920 1.17138e+06 8443.94
930 1.20443e+06 12289.6
940 1.22368e+06 8021.85
950 1.24637e+06 9799.4
960 1.27033e+06 5050.6
970 1.29761e+06 6734.98
980 1.32255e+06 5944.24
990 1.36282e+06 8456.31
1000 1.38804e+06 13307.8
