10 81.2 3.70945
20 1774.3 842.833
30 2983.9 1077.34
40 3926.4 1180.97
50 8168.7 2281.37
60 9891.4 1858.28
70 14573.7 2147.74
80 20092 3226.02
90 24036.9 2929.93
100 28480.4 971.658
110 33629.2 835.398
120 40360.3 203.207
130 49770.1 4922.72
140 57036.3 4667.27
150 63929 179.417
160 73186.5 167.44
170 82853.1 194.016
180 94867.7 2410.56
190 103192 839.157
200 110216 532.988
210 117277 236.075
220 125480 1074.94
230 133834 554.084
240 143287 993.772
250 150871 3447.87
260 160284 355.343
270 167430 5809.01
280 178475 2978.52
290 189021 1979.25
300 198735 6281.76
310 211324 1102.88
320 222424 6244.78
330 231455 7188.6
340 246484 6043.39
350 257909 4809.36
360 271402 1658.43
370 284209 7628.2
380 295098 3926.77
390 308094 3732.6
400 323573 6216.94
410 342244 4660.64
420 354458 4874.9
430 370040 4267.99
440 392576 9784.71
450 408978 9262.33
460 425584 6173.27
470 446317 9607.72
480 460830 7395.48
490 474517 4771.62
500 496631 6695.82
510 517587 11826.2
520 530710 3186.58
530 558847 9182.84
540 575373 4799.82
550 592317 2843.4
560 613000 1386.63
570 638342 10954.3
580 661611 6991.61
590 685632 8478.37
600 707138 8410.92
610 727838 1597.07
620 754084 9850.74
630 781810 10056.9
640 807276 6430.37
650 830844 9553.92
660 857159 12305.2
670 883821 14709.4
680 906873 7628.6
690 928442 3298.02
700 960320 10216.7
710 983988 9022.63
720 1.01323e+06 6877.53
730 1.03828e+06 15059.1
740 1.06783e+06 14802.3
750 1.09391e+06 8147.41
760 1.12421e+06 9901.82
770 1.14808e+06 6097.45
780 1.18106e+06 13617.9
790 1.21343e+06 13219
800 1.23825e+06 6273.34
810 1.30499e+06 44079.4
820 1.33986e+06 11441.9
830 1.37282e+06 9584.13
840 1.4104e+06 10747.7
850 1.42751e+06 13632.8
860 1.47628e+06 15325.5
870 1.50894e+06 16671.9
880 1.54964e+06 22683.9
890 1.58459e+06 14348.9
900 1.6091e+06 24086.1
910 1.66599e+06 27514.4
920 1.65982e+06 73802.3
930 1.67209e+06 17889.5
940 1.6974e+06 10348.7
950 1.73084e+06 10468.2
960 1.7747e+06 19477.4
970 1.80984e+06 26610.4
980 1.84143e+06 7200.97
990 1.88307e+06 11460.8
1000 1.92307e+06 11152.8
