10 5079.4 3124.18
20 6188.7 1931.87
30 6382 4803.95
40 6256.5 2119.13
50 10888.7 2556.94
60 13206.9 3481.26
70 14889.4 4141.75
80 14848.8 1624.68
90 17443.7 3039
100 24176.6 3357.42
110 29183.6 4813.19
120 31787.7 5003.03
130 38062.9 6573.74
140 36644 1846.2
150 47067.3 5994.3
160 49943.4 5529.46
170 55730.7 9961.52
180 58272.4 4434.42
190 64104.8 3974.21
200 69383.5 4599
210 76691.9 3094.91
220 82826.1 3252.47
230 88817.9 1406.29
240 96019.9 3837.87
250 98274.2 3107.93
260 103458 2261.47
270 109579 2738.73
280 113573 2204.86
290 120355 2493.96
300 127495 2950.44
310 136415 11664.8
320 146052 8676.79
330 148230 9526.39
340 154265 2665.76
350 161421 7479.57
360 171454 4158.71
370 174752 11739.8
380 195134 15455.9
390 213450 17983.8
400 192403 11540.6
410 221724 20541.3
420 209197 5714.62
430 278298 32284.5
440 256376 36924.5
450 268176 32354.8
460 293825 35721.9
470 266010 32316.2
480 289216 30464.3
490 274898 13473.1
500 293578 8870.61
510 294156 9010.26
520 322676 10708.5
530 343535 24209.9
540 372442 29099.2
550 380446 24578.1
560 380316 18995.2
570 378108 13233.1
580 420820 30281.4
590 389521 14416.3
600 401407 8448.58
610 419858 6108.99
620 426277 8358.86
630 431624 6842.77
640 449798 9633.84
650 464082 6724.06
660 490592 10627.2
670 544713 35550.9
680 520028 28176.2
690 538252 16818.6
700 548025 21741.4
710 577392 37384.1
720 611755 35164.4
730 607056 33264.3
740 606266 18548
750 624937 9938.38
760 639148 11202.6
770 656056 10911
780 686335 31498.8
790 715375 34573.2
800 692380 11527.9
810 732218 33215.8
820 750042 17026.8
830 864553 89544.5
840 838231 29719.7
850 955617 75719.6
860 944550 61953.6
870 910305 68194.1
880 936357 68969.2
890 919056 39685.7
900 963303 76748.7
910 1.09044e+06 113667
920 997294 119328
930 1.22462e+06 116555
940 1.26279e+06 55039.6
950 1.29062e+06 44069.8
960 1.27297e+06 10713.7
970 1.31172e+06 57473.8
980 1.1681e+06 159662
990 1.19621e+06 158796
1000 1.09871e+06 18697.2
