10 118.7 5.88303
20 529.4 36.4121
30 3174.5 1720.84
40 2906.6 843.19
50 4119.2 1244.75
60 5614.5 969.649
70 6982.6 866.792
80 8869 1282.89
90 11902.1 1602.64
100 14644.8 1868.56
110 17176.2 1135.19
120 20700.6 1001.12
130 25616.5 2894.59
140 28612.6 1428.47
150 31238.7 117.851
160 36740 2367.51
170 40006.4 381.438
180 45010.7 602.045
190 50310.1 933.767
200 57499 1164.9
210 62780.2 1268.97
220 66761.2 106.223
230 74169.9 1652.25
240 80129.7 273.804
250 86932.3 433.308
260 93627.9 1061.74
270 100342 4672.51
280 103853 1443.28
290 108106 1746.52
300 113862 882.923
310 119390 2233.23
320 124053 2004.15
330 130908 3244.12
340 135232 3167.7
350 141471 2857.95
360 147578 1414.96
370 153053 4489.2
380 159006 2634.98
390 163347 3520.61
400 172298 4662.14
410 177728 1602.56
420 185848 2639.28
430 195414 6059
440 202876 4227.39
450 209280 3078.05
460 218549 6350.49
470 223033 2607.62
480 232152 3844.25
490 242114 3164.1
500 249638 4190.71
510 258910 4420.21
520 269755 2672.66
530 278025 3693.41
540 288709 4893.69
550 314692 31927
560 316576 13507.2
570 330520 20022.4
580 334970 12278.4
590 344993 5356.13
600 362766 24521.6
610 368518 4681
620 378187 3748.29
630 388645 4733.45
640 405220 5594.86
650 419076 12007.7
660 428454 7821.91
670 440020 5397.43
680 452824 7338.03
690 472054 10216.6
700 483478 9917.89
710 491438 4160.18
720 513048 6169.48
730 527383 8760.58
740 538655 6055.45
750 566941 28985.1
760 571134 8066.29
770 587000 7164.15
780 599857 19392.9
790 612350 7223.13
800 632432 11903.4
810 652326 26641.8
820 657606 5505.26
830 677551 14328.7
840 699293 13227.1
850 702715 5654.39
860 732497 11815
870 740741 8897.32
880 754221 9923.64
890 770570 7453.59
900 792913 7462.4
910 807232 12862.8
920 822466 11342.8
930 848040 13050.6
940 860666 13682
950 884199 10557.4
960 901640 12377.6
970 911049 11490.5
980 933483 12888.8
990 948478 9592.84
1000 966884 11267.8
