10 81.6 2.41661
20 814.5 76.9782
30 2319.7 106.449
40 4633.8 698.498
50 7674.9 1035.26
60 11391.5 928.334
70 14993.2 401.165
80 20832.7 2307.27
90 26612.1 1050.86
100 33654.8 1206.3
110 41109 1434.2
120 48747.3 1674.56
130 56276.1 1071.83
140 65903.9 1225.9
150 76017.9 1285.57
160 86706.6 705.632
170 96498.3 381.146
180 104282 1135.41
190 111873 701.202
200 119928 885.019
210 128113 668.133
220 136589 3351.06
230 150045 6915.56
240 159809 1817.03
250 167658 923.029
260 178466 2208.34
270 188588 3455.99
280 200519 3089.74
290 211196 2853.06
300 224080 1541.57
310 236681 1726.03
320 251130 6816.17
330 262368 3629.11
340 278171 2223.18
350 290141 3203.49
360 305051 4667.33
370 323313 6209.13
380 334896 1376.93
390 352878 5528.02
400 369834 1656.05
410 398671 22687.4
420 406984 5321
430 426673 5142.57
440 441920 4130.67
450 462783 6732.16
460 479582 3165.71
470 502251 6733.34
480 520379 3950.2
490 542011 4719.04
500 571089 19896
510 585528 7948.74
520 609369 6267.46
530 626740 5947.15
540 652307 7098.11
550 673600 4699.65
560 700098 6049.24
570 724513 8114.63
580 756530 7218.86
590 803970 36720.3
600 806179 5580.94
610 828616 8786.49
620 872374 37147.5
630 916091 23848.9
640 953493 52824.9
650 954984 13683.9
660 1.00691e+06 33035.9
670 1.04785e+06 31035.7
680 1.05578e+06 27427.4
690 1.15033e+06 20087.2
700 1.1736e+06 30050.4
710 1.16939e+06 63550.7
720 1.16048e+06 12117.9
730 1.18918e+06 10043.1
740 1.22427e+06 8837.7
750 1.26321e+06 10557.9
760 1.2919e+06 10943.4
770 1.32266e+06 6212.15
780 1.36138e+06 10533.1
790 1.39548e+06 10875.9
800 1.43628e+06 14894.8
810 1.4746e+06 14727.5
820 1.50651e+06 16083.1
830 1.54456e+06 15648
840 1.58395e+06 14432.9
850 1.82291e+06 132352
860 1.80843e+06 187931
870 1.75947e+06 107087
880 1.71637e+06 7728.58
890 1.7528e+06 18153
900 1.7939e+06 9384.27
910 1.83432e+06 10783.2
920 1.885e+06 27817.4
930 1.91609e+06 11255.7
940 1.96002e+06 13199.8
950 1.99619e+06 4674.22
960 2.04333e+06 10381.8
970 2.07534e+06 7516.98
980 2.23197e+06 329021
990 2.30563e+06 334737
1000 2.20946e+06 8082.7
