110  10
107  10
108  10
114  10
127  10
118  10
132  10
122  10
122  10
118  10
439  20
430  20
441  20
442  20
413  20
453  20
447  20
439  20
438  20
441  20
990  30
950  30
900  30
908  30
930  30
909  30
898  30
895  30
947  30
940  30
6632  40
2946  40
2914  40
1555  40
3487  40
7458  40
1524  40
1524  40
3432  40
7449  40
2716  50
2473  50
3300  50
6787  50
2457  50
7395  50
2477  50
2456  50
7004  50
2462  50
11114  60
3509  60
8839  60
7067  60
3770  60
3623  60
8611  60
7105  60
3414  60
3291  60
7060  70
4471  70
6821  70
6214  70
4476  70
4786  70
4505  70
9128  70
4469  70
6800  70
5854  80
6822  80
5847  80
5737  80
6359  80
6128  80
5740  80
7988  80
5776  80
5747  80
8519  90
8152  90
7229  90
7271  90
7946  90
7547  90
7415  90
7249  90
10015  90
7888  90
8925  100
8919  100
8907  100
8981  100
9011  100
8925  100
8971  100
8911  100
8931  100
8946  100
10809  110
10830  110
9396  110
12919  110
16496  110
11297  110
12925  110
11540  110
12895  110
12779  110
14660  120
14619  120
13022  120
16533  120
13018  120
13929  120
14712  120
13945  120
15569  120
15264  120
22965  130
20412  130
17273  130
18965  130
17576  130
18691  130
17547  130
17995  130
17233  130
18384  130
20847  140
18165  140
18141  140
18360  140
23116  140
18119  140
18325  140
18193  140
18000  140
18291  140
21115  150
21630  150
20501  150
20997  150
20411  150
28610  150
28601  150
28892  150
20985  150
20264  150
27513  160
27488  160
27460  160
31782  160
28855  160
26260  160
27384  160
27758  160
27260  160
27443  160
37459  170
27842  170
28212  170
26267  170
28734  170
28238  170
28642  170
28182  170
28321  170
30004  170
34095  180
32093  180
32422  180
34074  180
34017  180
37291  180
32030  180
32297  180
32010  180
31647  180
32900  190
32807  190
32843  190
32894  190
32999  190
33535  190
32635  190
32786  190
32870  190
32846  190
36438  200
36332  200
36369  200
36302  200
36333  200
36388  200
69648  200
42931  200
36407  200
36928  200
40464  210
40499  210
40433  210
40528  210
40926  210
40484  210
40896  210
38629  210
42556  210
40655  210
45043  220
44247  220
44259  220
44279  220
44834  220
44607  220
44272  220
44317  220
44288  220
44375  220
48311  230
48968  230
48994  230
49219  230
48453  230
48345  230
48351  230
48973  230
49038  230
49117  230
52491  240
52576  240
53384  240
52505  240
55735  240
52909  240
52993  240
52950  240
53052  240
52487  240
57710  250
56863  250
56978  250
56531  250
56638  250
56712  250
57133  250
56839  250
60819  250
64668  250
68320  260
84128  260
66284  260
67477  260
63984  260
65346  260
66668  260
99401  260
65231  260
65576  260
73030  270
73543  270
66786  270
70910  270
72984  270
80857  270
69952  270
78544  270
69645  270
81146  270
93194  280
70451  280
76866  280
76656  280
86916  280
76489  280
78762  280
86815  280
94847  280
75556  280
108571  290
86511  290
94289  290
93904  290
82946  290
107329  290
81337  290
90819  290
80677  290
81711  290
89155  300
108826  300
86944  300
85935  300
86430  300
81775  300
94897  300
101043  300
81569  300
91744  300
84400  310
83913  310
87407  310
87049  310
87078  310
86053  310
87121  310
87138  310
87045  310
86458  310
91406  320
85207  320
90386  320
83401  320
90145  320
90541  320
73518  320
90661  320
90493  320
90442  320
93681  330
93742  330
93698  330
93978  330
78717  330
94102  330
94581  330
93354  330
94230  330
93248  330
97733  340
97952  340
96641  340
98108  340
92933  340
85423  340
97388  340
98090  340
98028  340
98066  340
95504  350
102217  350
101687  350
101616  350
101088  350
84641  350
102179  350
100741  350
101613  350
101522  350
104258  360
105480  360
103182  360
104187  360
104826  360
105449  360
104412  360
89044  360
104929  360
104275  360
108879  370
109878  370
107998  370
101095  370
108384  370
107864  370
108023  370
109021  370
109866  370
109226  370
114992  380
112414  380
112017  380
113038  380
111990  380
114010  380
95112  380
111859  380
113327  380
114083  380
116407  390
115696  390
117310  390
115623  390
116083  390
116054  390
116327  390
120521  390
116305  390
99152  390
119974  400
120742  400
119141  400
119027  400
120635  400
121202  400
120973  400
119512  400
120745  400
120633  400
119495  410
123797  410
126132  410
123818  410
123225  410
125393  410
124795  410
124220  410
125269  410
125145  410
114083  420
127784  420
125460  420
120299  420
120714  420
129226  420
127140  420
127556  420
120862  420
119477  420
126683  430
132670  430
131350  430
126937  430
124970  430
132963  430
136958  430
136266  430
131897  430
133087  430
128778  440
136370  440
137430  440
136471  440
137086  440
136535  440
127725  440
136422  440
128444  440
137757  440
142663  450
132067  450
141286  450
139820  450
129969  450
141482  450
141970  450
144972  450
141516  450
141502  450
147438  460
147122  460
142331  460
146087  460
147247  460
141486  460
146380  460
146016  460
141782  460
147134  460
150560  470
152834  470
151270  470
151963  470
151431  470
153821  470
151305  470
143280  470
150897  470
151419  470
152310  480
156857  480
155332  480
156054  480
153789  480
155848  480
156829  480
154846  480
157516  480
159732  480
167493  490
153128  490
160169  490
166535  490
162147  490
162526  490
166618  490
161362  490
161939  490
160810  490
172598  500
166034  500
164821  500
159874  500
174575  500
163642  500
166644  500
162696  500
158763  500
172373  500
173463  510
178640  510
170758  510
172783  510
172031  510
169584  510
169595  510
171161  510
171643  510
166380  510
172817  520
177260  520
177224  520
177484  520
171905  520
182096  520
195083  520
177255  520
178169  520
174202  520
189396  530
187460  530
179598  530
183522  530
182146  530
182502  530
179235  530
179436  530
178007  530
182750  530
189995  540
187987  540
184731  540
193538  540
185371  540
193724  540
193497  540
190068  540
187105  540
188085  540
194601  550
202845  550
191868  550
194404  550
201228  550
194545  550
196416  550
201484  550
196151  550
194533  550
199120  560
200206  560
207439  560
200482  560
199757  560
199909  560
200114  560
198631  560
199521  560
200488  560
209621  570
208945  570
207949  570
206088  570
216913  570
206543  570
206857  570
206174  570
215857  570
205621  570
234295  580
213678  580
224359  580
214486  580
214214  580
223657  580
213800  580
216949  580
215361  580
213417  580
221093  590
221135  590
222942  590
220722  590
220655  590
221424  590
220901  590
225492  590
220448  590
230913  590
228823  600
232431  600
230138  600
228368  600
228362  600
228500  600
228236  600
230763  600
230409  600
239527  600
240133  610
235712  610
237752  610
239521  610
237601  610
236213  610
236530  610
236531  610
237040  610
236919  610
246061  620
243665  620
250425  620
244339  620
244049  620
247000  620
246660  620
245097  620
244134  620
256309  620
253306  630
251436  630
252072  630
253672  630
254321  630
251609  630
256017  630
258395  630
252586  630
253685  630
259784  640
261629  640
260476  640
261327  640
263570  640
270781  640
259713  640
261063  640
260466  640
260977  640
274243  650
268315  650
268166  650
269330  650
273055  650
268208  650
275474  650
268136  650
268205  650
269368  650
276686  660
276285  660
276641  660
276245  660
283364  660
280399  660
276290  660
276434  660
281321  660
277994  660
285287  670
291529  670
285525  670
298447  670
297228  670
284250  670
284702  670
291672  670
296601  670
289813  670
293371  680
293916  680
305716  680
307191  680
309327  680
293808  680
293755  680
293739  680
293567  680
295879  680
303216  690
301766  690
303429  690
301809  690
302030  690
305342  690
305189  690
301915  690
303229  690
303688  690
310828  700
310526  700
312710  700
312166  700
317958  700
336352  700
319989  700
312709  700
317555  700
311184  700
320084  710
320467  710
333640  710
333812  710
319307  710
320689  710
320781  710
319965  710
324970  710
319275  710
331342  720
330934  720
332620  720
328464  720
333523  720
335548  720
329629  720
328476  720
352533  720
329566  720
338391  730
355004  730
350285  730
338471  730
339593  730
338847  730
339149  730
338570  730
339043  730
338183  730
347459  740
362953  740
347284  740
373462  740
362566  740
353569  740
347485  740
348530  740
346889  740
362228  740
358505  750
361440  750
360930  750
356637  750
357590  750
372351  750
356461  750
358264  750
359663  750
356454  750
372357  760
368168  760
366225  760
366471  760
366970  760
366340  760
366710  760
368687  760
366678  760
369163  760
382602  770
376425  770
378068  770
375795  770
375692  770
383832  770
376405  770
378851  770
380159  770
384616  770
386715  780
389283  780
386027  780
387146  780
386076  780
385217  780
397815  780
386392  780
388088  780
385677  780
412695  790
397308  790
396359  790
397864  790
399633  790
412982  790
396422  790
395535  790
396029  790
400526  790
404994  800
405572  800
407932  800
405437  800
411846  800
411185  800
423480  800
407093  800
406138  800
407416  800
415972  810
416243  810
416334  810
419109  810
416863  810
417563  810
416075  810
415859  810
416276  810
416108  810
426917  820
426678  820
431588  820
426433  820
434876  820
426188  820
432243  820
428903  820
426609  820
428423  820
453752  830
437562  830
437946  830
438095  830
455025  830
437078  830
439681  830
435987  830
436572  830
440051  830
446817  840
446615  840
447354  840
463976  840
453734  840
453328  840
451815  840
452663  840
448164  840
448635  840
461761  850
458426  850
458677  850
458696  850
471203  850
472831  850
460852  850
457230  850
461044  850
458109  850
484802  860
469041  860
470005  860
489674  860
472238  860
472632  860
472470  860
489288  860
469088  860
469618  860
479176  870
493366  870
501320  870
507296  870
497419  870
511431  870
503512  870
500057  870
489169  870
495495  870
492376  880
494227  880
512960  880
492410  880
496497  880
518452  880
490775  880
517885  880
509682  880
502858  880
507083  890
502635  890
507725  890
503046  890
502434  890
503100  890
508973  890
515170  890
503097  890
502250  890
515358  900
517239  900
515361  900
512856  900
517219  900
533362  900
518423  900
522191  900
529300  900
511551  900
552209  910
528647  910
538346  910
542298  910
555823  910
543791  910
522979  910
548726  910
523102  910
526080  910
539489  920
547051  920
546680  920
561905  920
546249  920
550930  920
538072  920
546692  920
543750  920
544276  920
550231  930
567398  930
557820  930
547684  930
554386  930
553577  930
555597  930
557714  930
559090  930
564730  930
562363  940
555938  940
565225  940
570921  940
567049  940
560836  940
570933  940
571235  940
565529  940
558548  940
576568  950
586927  950
599761  950
595612  950
571253  950
583968  950
589216  950
581412  950
579697  950
580975  950
594388  960
606626  960
583906  960
599438  960
605578  960
579368  960
597701  960
608142  960
593761  960
617761  960
599884  970
610024  970
629614  970
601393  970
617297  970
594059  970
606943  970
602180  970
596895  970
601964  970
624782  980
615260  980
622127  980
651303  980
619690  980
610376  980
610342  980
630725  980
635996  980
621038  980
624112  990
628677  990
639292  990
627606  990
620092  990
627849  990
647548  990
630270  990
644649  990
630767  990
652653  1000
637060  1000
638170  1000
661742  1000
638948  1000
635091  1000
632703  1000
652288  1000
629221  1000
645456  1000
