265  10
251  10
285  10
289  10
376  10
303  10
308  10
276  10
301  10
273  10
623  20
603  20
580  20
562  20
575  20
700  20
623  20
567  20
579  20
567  20
1104  30
1129  30
1107  30
1061  30
1102  30
1117  30
838  30
1067  30
1120  30
1108  30
3178  40
1780  40
2633  40
1702  40
1663  40
9010  40
1894  40
2527  40
7400  40
1668  40
3348  50
3523  50
2518  50
7389  50
2554  50
2507  50
10180  50
2469  50
7331  50
2611  50
5246  60
7017  60
4356  60
6981  60
3679  60
3607  60
3425  60
7137  60
7165  60
5190  60
4620  70
6410  70
6265  70
4781  70
10528  70
6881  70
5429  70
4852  70
4734  70
4589  70
6201  80
6272  80
5923  80
8328  80
4550  80
5884  80
9519  80
5872  80
6249  80
6600  80
7386  90
7636  90
7676  90
11336  90
10327  90
7399  90
7626  90
10345  90
8084  90
7437  90
9104  100
9107  100
9111  100
9239  100
9261  100
9705  100
9527  100
24188  100
12979  100
9182  100
11006  110
11266  110
11007  110
10965  110
10920  110
10946  110
12612  110
11578  110
17088  110
12587  110
14950  120
13179  120
17196  120
15499  120
14776  120
13268  120
14490  120
15577  120
14989  120
13363  120
16918  130
15530  130
16696  130
18991  130
15746  130
17307  130
15524  130
15710  130
18270  130
15739  130
18248  140
28121  140
18238  140
23747  140
18250  140
18169  140
18338  140
18518  140
18230  140
18091  140
21349  150
20578  150
21735  150
20702  150
29442  150
23711  150
29550  150
21271  150
20644  150
21269  150
23295  160
28237  160
27235  160
26402  160
30287  160
26711  160
27708  160
27606  160
27648  160
26977  160
27828  170
29266  170
28075  170
30757  170
28539  170
28771  170
28875  170
27659  170
27824  170
27632  170
30318  180
30417  180
30793  180
30929  180
30984  180
31206  180
31165  180
31271  180
31287  180
29921  180
38256  190
34089  190
38276  190
35638  190
33995  190
33632  190
32896  190
33542  190
33932  190
33962  190
36896  200
37322  200
36799  200
36895  200
37045  200
37098  200
36958  200
36829  200
37036  200
36932  200
40663  210
40596  210
40653  210
41611  210
42603  210
41573  210
41660  210
41489  210
41289  210
41381  210
46546  220
45385  220
47037  220
47490  220
44822  220
44681  220
45909  220
44815  220
45235  220
45235  220
49221  230
49267  230
51534  230
51616  230
48842  230
48826  230
48966  230
51483  230
49496  230
48991  230
52911  240
52658  240
52875  240
53208  240
56440  240
52854  240
52711  240
52611  240
53181  240
52904  240
58887  250
57146  250
57245  250
56877  250
57106  250
61044  250
58431  250
58810  250
57498  250
57299  250
62012  260
61450  260
61642  260
61915  260
61712  260
62314  260
61839  260
61705  260
75881  260
61857  260
66483  270
66429  270
66590  270
70089  270
66313  270
69941  270
64618  270
66384  270
66544  270
66379  270
71409  280
71399  280
70947  280
71357  280
71463  280
71544  280
71396  280
71488  280
71435  280
71478  280
76420  290
76656  290
76512  290
76412  290
76453  290
76522  290
76682  290
76733  290
80253  290
75912  290
84036  300
81804  300
81928  300
81889  300
81608  300
81900  300
81768  300
81798  300
80619  300
82392  300
86997  310
87223  310
87157  310
87126  310
87165  310
86869  310
88212  310
87403  310
81252  310
87696  310
90439  320
96540  320
90564  320
90561  320
90548  320
90698  320
90318  320
90674  320
90491  320
90632  320
94285  330
94328  330
92704  330
89672  330
95135  330
94934  330
91849  330
94721  330
94095  330
95844  330
96289  340
97217  340
97442  340
97465  340
98223  340
90736  340
97322  340
94335  340
97899  340
89714  340
101375  350
102664  350
98518  350
102059  350
102298  350
100947  350
101118  350
99797  350
102227  350
101836  350
104618  360
105379  360
105762  360
104610  360
104101  360
104037  360
103361  360
104599  360
107418  360
105607  360
116586  370
108489  370
104822  370
108740  370
109637  370
109498  370
110476  370
107958  370
108364  370
111852  370
112023  380
110952  380
105469  380
114442  380
112539  380
114484  380
112594  380
115502  380
111846  380
115689  380
118105  390
114590  390
117251  390
117104  390
110587  390
116963  390
116229  390
116351  390
113344  390
118258  390
121615  400
121884  400
118615  400
116308  400
118311  400
120314  400
119572  400
118913  400
119858  400
119506  400
122300  410
124035  410
123989  410
121716  410
119309  410
120410  410
126798  410
116062  410
125329  410
124662  410
128740  420
127880  420
128923  420
129922  420
128359  420
128442  420
130825  420
127578  420
127704  420
127647  420
138076  430
134145  430
125153  430
132488  430
131721  430
132542  430
135712  430
138478  430
131666  430
124557  430
141068  440
138980  440
143808  440
136594  440
136671  440
140611  440
134179  440
144242  440
130570  440
135660  440
145025  450
141663  450
141964  450
141777  450
141826  450
145693  450
136213  450
141657  450
145299  450
140638  450
147055  460
146364  460
151319  460
145977  460
142674  460
147204  460
146177  460
150686  460
148273  460
146728  460
156645  470
146026  470
155995  470
153302  470
153877  470
145086  470
151319  470
151206  470
151136  470
152162  470
161352  480
155856  480
152851  480
164833  480
152390  480
157068  480
162277  480
155458  480
160044  480
156563  480
162490  490
163389  490
163685  490
161374  490
164110  490
166977  490
161038  490
159526  490
170538  490
162825  490
168101  500
165481  500
170910  500
161540  500
170669  500
172861  500
169992  500
166724  500
166657  500
166586  500
174810  510
184816  510
173007  510
172476  510
172284  510
172230  510
172897  510
169548  510
170054  510
165507  510
179457  520
179962  520
177882  520
172844  520
179968  520
180511  520
178143  520
177860  520
174448  520
180472  520
188271  530
183496  530
182546  530
189383  530
189986  530
195130  530
185258  530
185897  530
182976  530
182680  530
191350  540
192566  540
186626  540
188817  540
188123  540
187828  540
201079  540
193042  540
187875  540
188441  540
193948  550
194149  550
207826  550
198984  550
194611  550
194356  550
196546  550
207066  550
204069  550
193977  550
198778  560
200900  560
207564  560
201223  560
208220  560
199674  560
210680  560
266770  560
272784  560
267504  560
274426  570
274616  570
269579  570
282331  570
278605  570
272748  570
282980  570
275557  570
281273  570
278982  570
289709  580
295856  580
244081  580
219020  580
220102  580
215873  580
214403  580
214661  580
213480  580
217147  580
221050  590
220752  590
222124  590
221449  590
222902  590
221211  590
222881  590
223785  590
222606  590
230563  590
228823  600
228761  600
229643  600
228559  600
228418  600
228981  600
231142  600
229229  600
243258  600
229443  600
235985  610
238791  610
236172  610
246250  610
236156  610
236091  610
236883  610
252599  610
248901  610
244125  610
251138  620
244120  620
243951  620
248583  620
254109  620
254589  620
245185  620
252239  620
246867  620
245645  620
252131  630
255217  630
253456  630
255408  630
264171  630
263242  630
251797  630
251568  630
251551  630
252296  630
260658  640
275996  640
259516  640
260708  640
259675  640
264968  640
267842  640
262713  640
282268  640
263408  640
268171  650
276740  650
268328  650
269782  650
267556  650
270928  650
271773  650
267933  650
268914  650
270985  650
276331  660
279441  660
276287  660
277828  660
276024  660
280924  660
276714  660
279864  660
279430  660
291233  660
287670  670
289188  670
287883  670
302364  670
288915  670
286058  670
285539  670
285519  670
292853  670
284400  670
292904  680
292646  680
293914  680
293173  680
293465  680
296193  680
295886  680
302156  680
293710  680
293424  680
301513  690
303292  690
303948  690
304610  690
301353  690
304514  690
315054  690
315180  690
304383  690
303970  690
310076  700
314061  700
312566  700
314300  700
310280  700
319122  700
311432  700
315462  700
310761  700
311101  700
320222  710
321691  710
319101  710
319633  710
325470  710
321536  710
319389  710
322482  710
339015  710
331660  710
328616  720
344606  720
329826  720
329909  720
332282  720
327691  720
330116  720
329252  720
327989  720
330023  720
341221  730
337522  730
337903  730
338533  730
337478  730
337954  730
339342  730
337842  730
337528  730
341228  730
346669  740
355670  740
347377  740
347261  740
346814  740
349676  740
347752  740
347346  740
351620  740
348072  740
356831  750
359448  750
356139  750
356832  750
373620  750
356798  750
357518  750
361086  750
356289  750
371875  750
366454  760
365445  760
374951  760
378776  760
368678  760
367822  760
379723  760
366069  760
381616  760
366922  760
377656  770
383144  770
378026  770
376419  770
376640  770
378788  770
377822  770
376094  770
377332  770
375564  770
386336  780
385577  780
391781  780
385546  780
385599  780
386076  780
386480  780
389395  780
385375  780
388344  780
396089  790
395621  790
398302  790
408112  790
395011  790
419693  790
396915  790
395458  790
411215  790
397729  790
406781  800
405220  800
405704  800
421675  800
408526  800
406092  800
411459  800
416407  800
404697  800
404918  800
420041  810
447971  810
415871  810
416293  810
417672  810
430957  810
416666  810
415352  810
416226  810
416918  810
442943  820
426694  820
425723  820
426426  820
444437  820
428223  820
426222  820
431207  820
429367  820
424994  820
440855  830
440439  830
438065  830
438373  830
438846  830
436386  830
437414  830
438839  830
454864  830
437446  830
447347  840
467931  840
447393  840
448620  840
450824  840
448777  840
454315  840
448648  840
455348  840
448278  840
461957  850
459399  850
457711  850
459782  850
458023  850
457927  850
459508  850
461203  850
466542  850
460987  850
468407  860
469279  860
468554  860
488891  860
485131  860
469327  860
469093  860
472268  860
469164  860
471946  860
478917  870
479466  870
483507  870
480172  870
482005  870
485720  870
500652  870
494523  870
479546  870
483430  870
490838  880
490515  880
495663  880
489289  880
496048  880
491651  880
491386  880
500774  880
491090  880
489170  880
500726  890
500132  890
507974  890
501003  890
503847  890
507952  890
505086  890
512445  890
503420  890
527239  890
513526  900
510632  900
512091  900
513378  900
510909  900
511283  900
512111  900
516391  900
514778  900
527597  900
522440  910
521794  910
522027  910
521810  910
524979  910
526132  910
539835  910
522547  910
555627  910
521953  910
534631  920
539808  920
532739  920
533209  920
540773  920
555801  920
540625  920
532293  920
533065  920
533443  920
546886  930
545734  930
546811  930
543768  930
545001  930
545243  930
545099  930
547460  930
549996  930
545123  930
555161  940
555165  940
555154  940
555268  940
565180  940
559949  940
554466  940
556580  940
566233  940
570296  940
570847  950
572329  950
566418  950
567040  950
566109  950
565797  950
569919  950
567986  950
587317  950
566352  950
580562  960
578442  960
583769  960
578201  960
577283  960
578237  960
577644  960
583808  960
578098  960
580005  960
590318  970
593335  970
589823  970
590634  970
592947  970
588219  970
600031  970
589580  970
589416  970
592167  970
601628  980
604062  980
603443  980
604542  980
604137  980
601449  980
601245  980
611610  980
602134  980
622535  980
620268  990
612427  990
621730  990
620298  990
618420  990
615077  990
617605  990
614734  990
621512  990
612447  990
626790  1000
627088  1000
634053  1000
628057  1000
627168  1000
636904  1000
628373  1000
634408  1000
625896  1000
638645  1000
