4375  10
2836  10
6381  10
3636  10
545  10
8361  10
532  10
4309  10
4350  10
8448  10
4826  20
10393  20
4642  20
2281  20
884  20
975  20
4682  20
9065  20
975  20
3958  20
1923  30
8488  30
5498  30
12950  30
5362  30
9430  30
3466  30
9185  30
1738  30
9349  30
4046  40
11736  40
6311  40
12885  40
5971  40
11591  40
4445  40
10339  40
9596  40
11300  40
7041  50
11168  50
5447  50
11091  50
11222  50
7199  50
10122  50
10429  50
8645  50
13846  50
8894  60
7374  60
5859  60
17309  60
17852  60
5019  60
8522  60
14557  60
8397  60
10468  60
17615  70
11811  70
15872  70
6637  70
16866  70
8699  70
10292  70
6677  70
13002  70
13915  70
16093  80
15465  80
18128  80
11688  80
11556  80
8428  80
15836  80
18421  80
14963  80
18684  80
21377  90
13824  90
17610  90
13354  90
18508  90
17898  90
13883  90
13594  90
15738  90
19770  90
15800  100
16727  100
19478  100
15993  100
19026  100
18169  100
22665  100
17125  100
19957  100
19659  100
18399  110
21204  110
24562  110
20573  110
18558  110
23059  110
18949  110
27057  110
20535  110
18420  110
21075  120
26868  120
22506  120
21526  120
23055  120
20841  120
21751  120
20860  120
22396  120
21319  120
24662  130
27106  130
25499  130
28153  130
30517  130
30436  130
27106  130
22672  130
22534  130
30319  130
32608  140
34763  140
31971  140
30504  140
28565  140
34816  140
28185  140
28143  140
31477  140
31201  140
33426  150
34788  150
35399  150
36332  150
34604  150
34065  150
34985  150
34484  150
41654  150
34979  150
35872  160
34466  160
35176  160
39096  160
34617  160
35365  160
35363  160
37934  160
38568  160
35986  160
40021  170
39497  170
39304  170
38294  170
38611  170
38503  170
45661  170
38858  170
43201  170
38745  170
43072  180
43056  180
42484  180
42088  180
43644  180
45314  180
48234  180
42051  180
42660  180
42664  180
47226  190
46719  190
49908  190
48185  190
47137  190
49937  190
46984  190
47054  190
47263  190
53475  190
52182  200
50343  200
51694  200
52721  200
51772  200
60464  200
52216  200
54139  200
51747  200
61047  200
83313  210
56799  210
56726  210
57107  210
56983  210
60789  210
56532  210
56884  210
57390  210
57835  210
64067  220
61999  220
61914  220
74102  220
77480  220
74089  220
64050  220
77114  220
62238  220
72938  220
67860  230
78855  230
67899  230
76499  230
90646  230
67783  230
67817  230
66111  230
80312  230
67293  230
91215  240
82984  240
86534  240
83262  240
82401  240
85388  240
73030  240
73128  240
85544  240
71631  240
81683  250
87381  250
74798  250
77444  250
79122  250
77770  250
79558  250
79466  250
77644  250
78692  250
85270  260
90705  260
92530  260
87001  260
86476  260
83637  260
84162  260
83324  260
86860  260
88952  260
88775  270
88908  270
88265  270
88644  270
89170  270
89559  270
89168  270
88382  270
88870  270
89163  270
93824  280
92624  280
92583  280
92146  280
93129  280
94550  280
94744  280
92006  280
92546  280
92365  280
93894  290
94513  290
94530  290
95461  290
95285  290
92965  290
94313  290
93134  290
94092  290
87433  290
98662  300
98409  300
98184  300
102739  300
99061  300
109471  300
102897  300
105472  300
104475  300
113300  300
101250  310
102154  310
102651  310
98610  310
102734  310
102985  310
102499  310
102132  310
102991  310
101992  310
106517  320
107685  320
106651  320
108458  320
106933  320
106658  320
107658  320
109530  320
109991  320
112395  320
112830  330
112422  330
109400  330
111395  330
113158  330
112185  330
107983  330
111652  330
111202  330
114049  330
115708  340
114791  340
113619  340
117791  340
113989  340
115438  340
116035  340
120358  340
116993  340
118268  340
120375  350
122447  350
120867  350
121357  350
120553  350
120155  350
121174  350
114700  350
121958  350
119648  350
130230  360
125517  360
126963  360
127450  360
132068  360
125007  360
128593  360
125217  360
130734  360
132686  360
131967  370
134770  370
134125  370
141279  370
129549  370
130056  370
129782  370
134749  370
132905  370
130441  370
122265  380
137210  380
136057  380
138225  380
136690  380
137325  380
139769  380
135196  380
138321  380
135660  380
142209  390
138556  390
142771  390
142981  390
145110  390
141269  390
152288  390
150699  390
164563  390
153005  390
161312  400
159850  400
159163  400
167964  400
166718  400
162708  400
159220  400
162066  400
162109  400
162223  400
150899  410
153044  410
161821  410
150487  410
156447  410
157754  410
150891  410
150630  410
152135  410
168760  410
178461  420
161225  420
159604  420
151749  420
158280  420
155343  420
156452  420
156630  420
153688  420
161115  420
164814  430
167213  430
163915  430
155684  430
168505  430
167934  430
167205  430
171210  430
159275  430
167606  430
164064  440
176797  440
164743  440
176884  440
165537  440
171192  440
165301  440
170826  440
168117  440
188894  440
172373  450
177916  450
181969  450
181494  450
175042  450
168042  450
177544  450
166867  450
174526  450
173571  450
179709  460
179146  460
186740  460
186178  460
188613  460
185203  460
182877  460
196434  460
179164  460
184350  460
179606  470
195458  470
187130  470
185591  470
211311  470
193646  470
185206  470
186406  470
185742  470
185005  470
191742  480
197258  480
201826  480
198836  480
192737  480
191391  480
190619  480
192280  480
201356  480
204561  480
190867  490
208745  490
211273  490
199724  490
197936  490
199389  490
203422  490
209370  490
199833  490
199289  490
209269  500
219533  500
217500  500
205032  500
204123  500
207561  500
219673  500
209674  500
212012  500
210064  500
222922  510
217713  510
218953  510
219737  510
211892  510
221424  510
210979  510
227489  510
233520  510
213425  510
230086  520
220617  520
218697  520
217358  520
225588  520
220722  520
222382  520
218912  520
230975  520
225152  520
243106  530
233309  530
234762  530
235240  530
239156  530
227387  530
222233  530
238090  530
234407  530
235153  530
247592  540
237887  540
239767  540
241896  540
244795  540
237874  540
237247  540
248367  540
241718  540
236465  540
251057  550
262009  550
255544  550
252987  550
248519  550
253978  550
241687  550
250190  550
258131  550
249187  550
256060  560
251583  560
268804  560
256408  560
264943  560
265591  560
255810  560
255658  560
263990  560
266928  560
266251  570
271511  570
267436  570
264361  570
261672  570
270494  570
260161  570
266570  570
262660  570
263928  570
287454  580
285305  580
266087  580
283745  580
293880  580
274373  580
266645  580
285556  580
264710  580
280123  580
282356  590
277641  590
274763  590
292185  590
284922  590
278376  590
284623  590
281477  590
277006  590
274007  590
287310  600
288698  600
293428  600
303693  600
291315  600
301524  600
297019  600
293234  600
300079  600
286692  600
307410  610
308133  610
308854  610
306129  610
309312  610
309403  610
306696  610
306293  610
296548  610
301977  610
324460  620
309442  620
303718  620
311580  620
323988  620
353533  620
348271  620
357063  620
363435  620
364852  620
375814  630
334727  630
337294  630
320440  630
326766  630
363991  630
340984  630
324115  630
343545  630
338498  630
352783  640
340627  640
325835  640
337286  640
323760  640
330478  640
326002  640
378357  640
341384  640
341609  640
352447  650
391798  650
362519  650
345560  650
338004  650
348240  650
336394  650
340735  650
344650  650
350758  650
348649  660
356271  660
351155  660
361166  660
397205  660
400545  660
368027  660
375296  660
405187  660
342907  660
363641  670
379938  670
365162  670
420360  670
382397  670
366048  670
380016  670
386440  670
383612  670
361091  670
380833  680
385404  680
373206  680
389790  680
374075  680
403357  680
365390  680
382319  680
381816  680
419416  680
388893  690
409814  690
400995  690
429376  690
407491  690
394810  690
389108  690
382592  690
391064  690
392439  690
408010  700
397787  700
415417  700
401021  700
427531  700
408454  700
413565  700
422331  700
418671  700
410475  700
408829  710
401107  710
417170  710
410628  710
399366  710
407769  710
399746  710
446348  710
404663  710
396378  710
416376  720
411706  720
445703  720
412766  720
408992  720
464500  720
408433  720
409987  720
442457  720
430984  720
467238  730
458476  730
512922  730
513100  730
514028  730
528133  730
470634  730
468124  730
479091  730
688842  730
491262  740
526453  740
477317  740
628943  740
600308  740
602855  740
442405  740
440627  740
472171  740
547648  740
611559  750
583624  750
565679  750
484441  750
560485  750
567568  750
500343  750
504156  750
518316  750
499914  750
506113  760
458651  760
455551  760
458259  760
458504  760
467766  760
454952  760
460099  760
455003  760
457294  760
477767  770
465672  770
593994  770
506134  770
554009  770
480714  770
516172  770
615161  770
651684  770
637295  770
688669  780
523470  780
638119  780
649253  780
727485  780
497695  780
690008  780
649553  780
547586  780
635286  780
639691  790
558309  790
640947  790
538826  790
549440  790
566541  790
744922  790
685726  790
690824  790
504419  790
651711  800
690624  800
642820  800
612027  800
515187  800
563471  800
548281  800
702328  800
639395  800
531666  800
523922  810
579882  810
712366  810
658732  810
655026  810
639644  810
659649  810
811335  810
578179  810
584503  810
598723  820
653413  820
611071  820
613027  820
669239  820
599773  820
540950  820
527854  820
531156  820
536159  820
544143  830
545512  830
736523  830
665077  830
663161  830
697690  830
561844  830
690032  830
556011  830
543434  830
557826  840
561908  840
555001  840
558263  840
554867  840
565351  840
562661  840
558118  840
569599  840
608004  840
728005  850
777989  850
746323  850
644321  850
653274  850
689701  850
804168  850
702096  850
827308  850
614766  850
585945  860
591532  860
594141  860
590166  860
588232  860
586144  860
766687  860
600861  860
586827  860
589439  860
648885  870
623439  870
643328  870
609175  870
630655  870
711729  870
696540  870
696599  870
607840  870
636423  870
619293  880
655349  880
643374  880
704876  880
651016  880
662182  880
615078  880
640502  880
665297  880
708570  880
728996  890
658811  890
729985  890
647523  890
644056  890
667796  890
656336  890
745070  890
649149  890
658346  890
682526  900
664775  900
668299  900
671719  900
684301  900
643487  900
653655  900
649153  900
656892  900
649777  900
662905  910
676375  910
686075  910
655006  910
686007  910
649388  910
813923  910
756835  910
662964  910
678273  910
779500  920
782122  920
789439  920
695145  920
699944  920
758853  920
734063  920
714374  920
712691  920
711294  920
741654  930
725197  930
709225  930
790940  930
728522  930
713959  930
719929  930
827022  930
749072  930
705740  930
707452  940
716848  940
700252  940
718362  940
697407  940
700750  940
709768  940
694786  940
758318  940
725968  940
785915  950
808778  950
740104  950
749862  950
745185  950
734023  950
729020  950
735357  950
744904  950
739941  950
744107  960
742481  960
781199  960
759398  960
749204  960
745121  960
763960  960
735204  960
727164  960
776329  960
793713  970
864020  970
752379  970
811915  970
837426  970
869122  970
765278  970
792470  970
804127  970
894315  970
881067  980
872360  980
884612  980
787429  980
1086213  980
1170821  980
1031434  980
889046  980
945269  980
1024203  980
1044994  990
1030997  990
897698  990
834458  990
818285  990
817119  990
769851  990
922294  990
878823  990
931340  990
890912  1000
839239  1000
840714  1000
843624  1000
857794  1000
872345  1000
828003  1000
888754  1000
887625  1000
860167  1000
