104  10
102  10
102  10
109  10
117  10
113  10
124  10
114  10
112  10
114  10
1187  20
2143  20
775  20
651  20
3674  20
7656  20
609  20
6582  20
7912  20
3222  20
2723  30
7721  30
1506  30
1507  30
1505  30
2039  30
1570  30
3901  30
8349  30
1548  30
2826  40
7472  40
2850  40
3346  40
3063  40
3152  40
3033  40
5973  40
3038  40
4550  40
5820  50
4895  50
7457  50
4891  50
8317  50
4917  50
8186  50
4477  50
10072  50
4635  50
12385  60
6986  60
9844  60
6870  60
6808  60
6891  60
6705  60
13993  60
6542  60
8056  60
9039  70
9041  70
11397  70
9031  70
9235  70
10752  70
9005  70
9284  70
14221  70
9847  70
11979  80
12199  80
13551  80
14354  80
12624  80
12052  80
11971  80
12132  80
14590  80
13194  80
17726  90
27079  90
17628  90
15327  90
18576  90
15949  90
23636  90
18721  90
21869  90
17950  90
21623  100
23359  100
22998  100
22371  100
23336  100
22831  100
21754  100
23578  100
22487  100
21836  100
32056  110
24132  110
26676  110
24410  110
25266  110
26058  110
32421  110
25882  110
32259  110
24805  110
32695  120
29204  120
31557  120
29878  120
28949  120
31091  120
28641  120
31082  120
28691  120
31782  120
33309  130
38113  130
36263  130
37568  130
34549  130
38325  130
37669  130
37576  130
37577  130
36415  130
42878  140
43605  140
43661  140
47891  140
43147  140
43239  140
40090  140
39448  140
39789  140
41208  140
46036  150
45902  150
45379  150
45284  150
46404  150
45782  150
46517  150
45630  150
45848  150
46608  150
51902  160
51611  160
51546  160
52082  160
52349  160
51506  160
62303  160
51773  160
51578  160
53251  160
65517  170
58579  170
60219  170
59174  170
58617  170
58455  170
61670  170
58617  170
58544  170
65427  170
66402  180
66973  180
65694  180
65517  180
66497  180
71282  180
65675  180
66848  180
77925  180
65564  180
73282  190
73317  190
73455  190
73448  190
74864  190
73325  190
73456  190
76131  190
73424  190
74060  190
82219  200
92395  200
81718  200
81656  200
82171  200
81352  200
81510  200
82203  200
81288  200
81507  200
90498  210
90049  210
90425  210
89724  210
90061  210
90111  210
90032  210
90411  210
90788  210
89753  210
98612  220
98786  220
98814  220
99585  220
98453  220
100812  220
98849  220
99004  220
99123  220
98349  220
104633  230
106261  230
104387  230
105536  230
103534  230
106048  230
104741  230
104921  230
105229  230
104680  230
109580  240
109989  240
109885  240
109864  240
110428  240
110636  240
112151  240
113750  240
110813  240
110295  240
112363  250
116484  250
116301  250
115956  250
115840  250
116646  250
116547  250
116293  250
119103  250
116459  250
122736  260
123365  260
122992  260
127298  260
123177  260
123127  260
124678  260
123440  260
122376  260
122995  260
130766  270
134348  270
131027  270
129986  270
130689  270
131976  270
132352  270
123117  270
130724  270
130486  270
137626  280
140818  280
137898  280
140925  280
138820  280
137407  280
140907  280
137508  280
146642  280
137781  280
145318  290
145362  290
144747  290
144849  290
147523  290
149227  290
143828  290
146718  290
144082  290
148011  290
151687  300
151502  300
153225  300
151384  300
153897  300
139998  300
156431  300
154872  300
150632  300
149882  300
162108  310
159783  310
158460  310
154421  310
161120  310
159240  310
163318  310
151805  310
161882  310
159448  310
161765  320
169731  320
166555  320
167208  320
169094  320
166929  320
169827  320
167728  320
173798  320
165528  320
180404  330
175020  330
179336  330
168442  330
175415  330
175593  330
164902  330
174369  330
174673  330
174464  330
183511  340
186440  340
183667  340
178899  340
182063  340
184673  340
183775  340
182203  340
184539  340
185525  340
196808  350
182967  350
194774  350
191755  350
217625  350
194275  350
229480  350
212787  350
197710  350
215369  350
210653  360
207104  360
202732  360
200138  360
260287  360
238683  360
250172  360
205494  360
227679  360
200541  360
228281  370
214911  370
210233  370
211838  370
213557  370
199793  370
205332  370
210743  370
209514  370
209773  370
221649  380
219322  380
216935  380
210907  380
221639  380
222414  380
228111  380
238305  380
218591  380
217932  380
232512  390
227343  390
234512  390
291313  390
246979  390
231063  390
225306  390
257389  390
245315  390
226197  390
243869  400
248612  400
302185  400
286303  400
329950  400
276334  400
281483  400
275350  400
280142  400
286932  400
291179  410
291407  410
306912  410
305564  410
307027  410
292535  410
292371  410
310448  410
350199  410
298177  410
315417  420
299561  420
300472  420
314866  420
326505  420
307481  420
350163  420
366672  420
362438  420
306564  420
315348  430
337775  430
314964  430
327696  430
348798  430
335474  430
310005  430
330951  430
293534  430
310660  430
282277  440
332231  440
332077  440
310820  440
281146  440
279592  440
293269  440
318802  440
281895  440
285867  440
372164  450
326372  450
367532  450
319621  450
395450  450
321874  450
317300  450
319903  450
318777  450
358804  450
371269  460
329697  460
340403  460
332504  460
342500  460
333507  460
311378  460
306674  460
303746  460
304352  460
307568  470
307707  470
328736  470
317986  470
317812  470
316521  470
315276  470
317181  470
315619  470
308744  470
327045  480
329092  480
329288  480
325381  480
329049  480
328192  480
329197  480
328112  480
326686  480
329044  480
338063  490
341293  490
338404  490
339333  490
339828  490
338376  490
344230  490
347944  490
336820  490
336966  490
364483  500
353976  500
356116  500
348012  500
362128  500
354844  500
357819  500
353100  500
345928  500
370478  500
367512  510
363877  510
366761  510
364858  510
369190  510
402497  510
395191  510
523525  510
457254  510
479137  510
583460  520
411297  520
407642  520
450225  520
420773  520
422910  520
425148  520
436194  520
416531  520
425451  520
579768  530
560155  530
451905  530
475788  530
443815  530
438544  530
439446  530
541942  530
566890  530
441520  530
470667  540
465081  540
451618  540
451758  540
444829  540
456173  540
446791  540
450829  540
455071  540
540551  540
479740  550
451654  550
441393  550
454458  550
493601  550
428117  550
435613  550
438889  550
427859  550
425137  550
440986  560
446099  560
443313  560
445638  560
449824  560
457617  560
442466  560
441913  560
452691  560
448089  560
479713  570
457036  570
486150  570
469774  570
459713  570
462584  570
463345  570
453346  570
462604  570
457090  570
466692  580
475033  580
517709  580
473973  580
492982  580
494792  580
532481  580
476901  580
490807  580
474319  580
532067  590
562962  590
511922  590
553069  590
491270  590
488535  590
492855  590
488045  590
514679  590
549301  590
697868  600
504740  600
504120  600
673027  600
716711  600
782938  600
514687  600
509665  600
529262  600
518699  600
530224  610
602430  610
530780  610
527665  610
526057  610
536428  610
533657  610
696840  610
574040  610
575348  610
593690  620
718914  620
629879  620
687406  620
587228  620
667566  620
569281  620
580556  620
555603  620
539117  620
566978  630
562648  630
612985  630
633700  630
606549  630
808340  630
669016  630
632017  630
583592  630
590047  630
647053  640
636982  640
626350  640
579603  640
593112  640
748499  640
621015  640
852127  640
666703  640
651059  640
607585  650
611414  650
663038  650
625961  650
610248  650
593375  650
606035  650
621560  650
665212  650
708092  650
639993  660
628012  660
631793  660
631674  660
763365  660
717983  660
668599  660
687104  660
683326  660
857522  660
819983  670
664000  670
729870  670
760209  670
733254  670
633028  670
635230  670
877794  670
747908  670
732683  670
794887  680
821868  680
916987  680
1005574  680
857495  680
812506  680
684874  680
652914  680
667505  680
656087  680
666292  690
685258  690
853572  690
777089  690
940347  690
740116  690
667102  690
659869  690
667917  690
673069  690
924605  700
1098222  700
870049  700
910612  700
760932  700
763030  700
962148  700
914040  700
770437  700
773928  700
793839  710
1057810  710
1067250  710
1094381  710
974774  710
931774  710
1000119  710
1075495  710
736510  710
904328  710
890361  720
868495  720
786365  720
828575  720
916750  720
770572  720
869885  720
1022194  720
869901  720
880060  720
896719  730
1099413  730
1065156  730
1029194  730
787916  730
743640  730
752134  730
749740  730
750520  730
749646  730
763852  740
1014721  740
883687  740
963035  740
874665  740
885329  740
873240  740
950799  740
802752  740
924240  740
882637  750
828546  750
836170  750
831222  750
798187  750
800074  750
835720  750
864253  750
896551  750
862903  750
892210  760
806309  760
806415  760
1170458  760
892618  760
898410  760
833127  760
815469  760
807919  760
806471  760
831296  770
841757  770
845367  770
835740  770
841600  770
824016  770
844057  770
827294  770
839958  770
918489  770
1282036  780
874194  780
845084  780
847565  780
853088  780
847158  780
845907  780
847449  780
876245  780
856790  780
868026  790
872555  790
865678  790
868724  790
866090  790
883543  790
888466  790
863417  790
867903  790
886289  790
901812  800
920149  800
895690  800
917054  800
890108  800
888166  800
894620  800
892208  800
890176  800
1051684  800
931099  810
910855  810
1022696  810
1288524  810
1239779  810
1292949  810
1104771  810
1104273  810
922241  810
917307  810
940117  820
1009287  820
1008078  820
1195626  820
1070580  820
1022448  820
1080117  820
1019934  820
1022892  820
990872  820
1012909  830
993578  830
1037750  830
956476  830
960369  830
966202  830
951350  830
964270  830
953363  830
980412  830
991253  840
983808  840
1239115  840
986287  840
1018394  840
984598  840
982248  840
975659  840
1004618  840
1014315  840
1029257  850
1074885  850
1015176  850
1057621  850
1129188  850
998589  850
1099466  850
1196933  850
1012884  850
1135005  850
1073107  860
1090361  860
1031824  860
1054815  860
1062398  860
1023232  860
1018401  860
1027401  860
1025022  860
1027809  860
1040649  870
1063091  870
1065287  870
1049327  870
1061427  870
1059980  870
1052098  870
1049381  870
1068568  870
1069173  870
1069073  880
1066593  880
1069163  880
1076560  880
1070220  880
1074457  880
1066676  880
1070453  880
1070376  880
1069954  880
1091892  890
1092237  890
1084914  890
1096605  890
1124647  890
1104703  890
1094459  890
1102543  890
1105785  890
1090713  890
1126923  900
1127751  900
1118049  900
1130856  900
1121812  900
1132734  900
1119616  900
1113925  900
1124142  900
1142059  900
1140052  910
1156529  910
1144012  910
1152047  910
1142372  910
1139839  910
1150094  910
1147863  910
1142233  910
1144989  910
1175353  920
1185669  920
1169228  920
1176958  920
1165330  920
1171514  920
1170046  920
1183411  920
1175481  920
1165547  920
1219788  930
1258178  930
1195803  930
1198753  930
1230210  930
1199204  930
1222970  930
1212354  930
1195038  930
1181903  930
1216071  940
1218246  940
1216623  940
1296015  940
1268691  940
1228595  940
1217483  940
1218312  940
1242046  940
1218232  940
1247825  950
1247867  950
1236595  950
1246923  950
1259549  950
1252755  950
1240668  950
1323709  950
1267279  950
1237979  950
1269356  960
1269640  960
1282305  960
1295463  960
1275286  960
1273295  960
1272633  960
1272684  960
1355396  960
1283108  960
1324015  970
1332923  970
1300427  970
1380242  970
1308007  970
1330314  970
1329065  970
1309933  970
1335676  970
1413008  970
1341255  980
1340533  980
1344560  980
1328322  980
1350640  980
1338544  980
1320414  980
1319074  980
1313154  980
1320852  980
1358185  990
1347463  990
1346912  990
1367791  990
1352402  990
1349076  990
1345257  990
1364015  990
1347600  990
1370040  990
1385013  1000
1375402  1000
1399976  1000
1396685  1000
1378904  1000
1372487  1000
1394919  1000
1376527  1000
1407384  1000
1367205  1000
