257  10
263  10
295  10
278  10
429  10
291  10
290  10
290  10
287  10
325  10
717  20
722  20
703  20
738  20
701  20
699  20
721  20
733  20
706  20
705  20
1454  30
1923  30
1448  30
1461  30
3788  30
1445  30
2480  30
2476  30
1417  30
1387  30
6244  40
2500  40
2433  40
2467  40
6894  40
2381  40
2499  40
2359  40
7537  40
2599  40
3756  50
7097  50
3871  50
3993  50
3878  50
6094  50
3870  50
4115  50
3895  50
3901  50
5548  60
5731  60
6982  60
8109  60
5595  60
5778  60
5568  60
5585  60
7031  60
5710  60
7935  70
6750  70
6742  70
6909  70
6620  70
7281  70
6593  70
6639  70
8604  70
6528  70
8965  80
10571  80
8518  80
9035  80
9410  80
13583  80
8499  80
8792  80
8784  80
10752  80
11322  90
10831  90
10725  90
10734  90
11039  90
10861  90
11086  90
10932  90
11023  90
11002  90
16067  100
13901  100
13576  100
13525  100
13532  100
13835  100
13442  100
13464  100
13475  100
13456  100
16199  110
16476  110
21729  110
16697  110
16230  110
16486  110
17864  110
16480  110
16481  110
16194  110
23039  120
19651  120
20305  120
19409  120
19235  120
22946  120
21537  120
20656  120
19387  120
20912  120
23125  130
26312  130
23178  130
25307  130
23515  130
26706  130
22942  130
27684  130
23066  130
26718  130
26633  140
27497  140
28674  140
27471  140
27521  140
27583  140
27519  140
38807  140
27844  140
27715  140
30991  150
31668  150
31051  150
31310  150
31241  150
30994  150
31105  150
31216  150
32033  150
31389  150
35334  160
35696  160
35479  160
35388  160
35448  160
35360  160
35584  160
35450  160
35307  160
35792  160
40778  170
41443  170
40139  170
39758  170
40284  170
40579  170
40469  170
40438  170
40458  170
40166  170
44952  180
44259  180
44906  180
44965  180
44847  180
45523  180
45119  180
45066  180
44541  180
45369  180
50336  190
50087  190
50232  190
50620  190
50133  190
51093  190
50352  190
50216  190
50304  190
50517  190
55674  200
55612  200
55693  200
55693  200
55701  200
55632  200
55605  200
55525  200
55542  200
55649  200
61029  210
61065  210
60935  210
61023  210
61156  210
60998  210
60920  210
61546  210
60945  210
61212  210
67013  220
69995  220
67747  220
67438  220
67046  220
67044  220
67088  220
67019  220
67120  220
66760  220
73710  230
73380  230
73528  230
73367  230
73853  230
73417  230
72973  230
73490  230
76549  230
74337  230
79717  240
82899  240
80214  240
79717  240
79807  240
80047  240
79779  240
79596  240
79722  240
79595  240
86776  250
86792  250
90917  250
86694  250
86845  250
86812  250
88342  250
87825  250
91032  250
86582  250
91145  260
93744  260
91366  260
93908  260
94234  260
93756  260
90985  260
93774  260
93675  260
94895  260
98393  270
95548  270
98657  270
97912  270
98928  270
97689  270
98791  270
99409  270
95206  270
98655  270
100302  280
103424  280
101271  280
102914  280
102755  280
103214  280
103715  280
103526  280
103441  280
103081  280
108213  290
107994  290
108774  290
106111  290
108299  290
107842  290
108798  290
108229  290
103364  290
109204  290
114024  300
111287  300
110068  300
113928  300
113890  300
111238  300
113273  300
113784  300
113472  300
114382  300
116755  310
118371  310
119217  310
118114  310
118560  310
120060  310
119515  310
118561  310
120584  310
119229  310
125891  320
126648  320
125147  320
124389  320
124718  320
124566  320
125745  320
124823  320
124439  320
117378  320
129936  330
129828  330
129119  330
131439  330
129428  330
130599  330
130982  330
130442  330
122298  330
130331  330
137025  340
136293  340
135263  340
135179  340
137552  340
135888  340
134637  340
137566  340
135961  340
137061  340
141309  350
142715  350
141049  350
143837  350
141188  350
143759  350
140340  350
142165  350
143815  350
141794  350
146629  360
148213  360
149021  360
147334  360
146529  360
150108  360
147526  360
146670  360
148118  360
141806  360
154342  370
153205  370
152967  370
154663  370
154128  370
154277  370
155792  370
153775  370
152046  370
152528  370
163862  380
160658  380
160359  380
161830  380
159014  380
158907  380
160205  380
159395  380
159052  380
158857  380
165365  390
161429  390
167643  390
159710  390
164573  390
171064  390
165745  390
166867  390
165424  390
166673  390
173247  400
173981  400
171281  400
174315  400
162400  400
164781  400
172213  400
171927  400
171228  400
167963  400
171832  410
178433  410
180979  410
178381  410
178510  410
179416  410
178836  410
181804  410
183571  410
177553  410
190227  420
187995  420
177703  420
185812  420
211001  420
244205  420
242905  420
252224  420
244773  420
242086  420
261078  430
253173  430
253644  430
248340  430
252605  430
256099  430
258316  430
248193  430
263603  430
257934  430
264739  440
266265  440
268752  440
270805  440
285466  440
205212  440
192946  440
200353  440
199578  440
202793  440
212875  450
207469  450
210380  450
209564  450
212047  450
208051  450
207683  450
207221  450
207052  450
214199  450
209474  460
218364  460
217608  460
216608  460
207484  460
215395  460
222339  460
217108  460
212747  460
215046  460
223284  470
223682  470
222204  470
224164  470
221770  470
224811  470
216692  470
225550  470
226444  470
219485  470
231996  480
232493  480
232152  480
231713  480
232077  480
231429  480
227381  480
237244  480
225276  480
239339  480
235015  490
248812  490
244159  490
248989  490
231667  490
241974  490
236243  490
247062  490
235238  490
241003  490
249518  500
259312  500
251136  500
251893  500
251666  500
249973  500
256806  500
257295  500
250585  500
248621  500
265916  510
258007  510
259213  510
261447  510
258095  510
260328  510
252891  510
264550  510
259781  510
254887  510
271334  520
268912  520
270658  520
267693  520
266491  520
269463  520
269798  520
265859  520
261030  520
266130  520
287257  530
282878  530
281532  530
282305  530
281160  530
273649  530
273004  530
280344  530
276881  530
281677  530
286912  540
285012  540
289048  540
285351  540
286071  540
292435  540
287104  540
285660  540
286271  540
290106  540
295216  550
296263  550
294392  550
306704  550
296500  550
305277  550
301646  550
309229  550
302699  550
307468  550
309750  560
309687  560
305170  560
307380  560
306778  560
320575  560
303380  560
304174  560
303263  560
309623  560
316376  570
328766  570
322606  570
315547  570
320885  570
330391  570
326225  570
329673  570
316768  570
314605  570
345100  580
326720  580
335305  580
335273  580
329363  580
342860  580
332373  580
331113  580
331831  580
327129  580
343233  590
339371  590
338276  590
340809  590
352973  590
338363  590
336722  590
346099  590
339425  590
338535  590
350845  600
355226  600
356809  600
355961  600
351762  600
359529  600
369647  600
353074  600
350879  600
350875  600
361308  610
368479  610
362988  610
371340  610
368768  610
360166  610
364593  610
377332  610
362048  610
374353  610
376520  620
378706  620
373446  620
385282  620
377132  620
378165  620
382637  620
378136  620
382133  620
381191  620
394760  630
383459  630
389425  630
389472  630
385831  630
390034  630
396988  630
397967  630
390484  630
384648  630
404970  640
421709  640
399736  640
399690  640
405164  640
404575  640
396493  640
414039  640
410747  640
416228  640
416149  650
412719  650
412681  650
412068  650
413553  650
414218  650
437295  650
423456  650
413421  650
415596  650
428140  660
425352  660
441629  660
424737  660
424277  660
422438  660
423630  660
438368  660
426546  660
446134  660
436119  670
438179  670
445532  670
455536  670
439713  670
435206  670
440706  670
435090  670
436066  670
435976  670
448207  680
453221  680
461033  680
450499  680
452597  680
456100  680
464831  680
451415  680
466294  680
448908  680
466879  690
463460  690
463348  690
462829  690
479205  690
471660  690
480274  690
471089  690
461729  690
463588  690
493873  700
478128  700
479044  700
478432  700
476695  700
485076  700
489401  700
492044  700
473282  700
482887  700
492885  710
507441  710
489536  710
491105  710
487768  710
503537  710
503539  710
505897  710
500491  710
557774  710
589242  720
531817  720
504643  720
508277  720
509951  720
581576  720
518248  720
510760  720
524900  720
550227  720
543107  730
547436  730
527455  730
524553  730
529954  730
529233  730
524803  730
525652  730
524088  730
529650  730
583358  740
533409  740
532845  740
535845  740
533519  740
566300  740
548729  740
536275  740
535629  740
552429  740
566023  750
560729  750
551101  750
550557  750
551879  750
574288  750
562234  750
557364  750
569526  750
546043  750
563415  760
574892  760
588180  760
574648  760
583690  760
577207  760
561412  760
576571  760
578225  760
560854  760
592148  770
586006  770
585433  770
576477  770
576652  770
578908  770
576707  770
600367  770
574853  770
579816  770
608779  780
607473  780
599298  780
591595  780
592890  780
627824  780
595455  780
605669  780
594459  780
597765  780
629621  790
610444  790
621441  790
609044  790
630019  790
653942  790
634080  790
629323  790
615263  790
608086  790
632342  800
622680  800
622232  800
628014  800
635620  800
637223  800
651804  800
627041  800
623774  800
633585  800
653807  810
639244  810
650346  810
683821  810
641514  810
640278  810
638285  810
637722  810
635996  810
659099  810
656365  820
658797  820
657785  820
653731  820
661419  820
652993  820
668336  820
679166  820
655423  820
656031  820
668830  830
666021  830
666261  830
669385  830
669923  830
685020  830
673470  830
672448  830
674985  830
670689  830
684098  840
688889  840
691860  840
686091  840
684853  840
692815  840
687918  840
688566  840
684877  840
694098  840
715685  850
707664  850
703664  850
703536  850
697918  850
707507  850
726371  850
709250  850
707867  850
709160  850
718478  860
723774  860
724232  860
724611  860
724638  860
714642  860
742172  860
729014  860
714646  860
735960  860
734535  870
731616  870
760778  870
751925  870
770154  870
804439  870
752219  870
828161  870
744497  870
746158  870
774218  880
802913  880
788252  880
765221  880
759044  880
757490  880
766330  880
751223  880
749059  880
776263  880
804423  890
789282  890
787204  890
803475  890
787179  890
777610  890
794331  890
788559  890
777735  890
784665  890
825128  900
800967  900
802743  900
875582  900
800382  900
804012  900
805700  900
797046  900
799718  900
825996  900
797463  910
804405  910
811462  910
802958  910
865435  910
802346  910
819621  910
842768  910
850578  910
871120  910
932844  920
980471  920
916709  920
911393  920
847189  920
881501  920
866323  920
941269  920
924852  920
883299  920
924533  930
846803  930
856178  930
833937  930
835357  930
843036  930
875940  930
869897  930
847668  930
886923  930
875487  940
902620  940
922400  940
934637  940
873683  940
869141  940
911587  940
880361  940
856945  940
871205  940
936707  950
932913  950
876571  950
910908  950
888952  950
882234  950
874996  950
930210  950
943243  950
950008  950
898795  960
957519  960
904299  960
905330  960
988586  960
1042732  960
952394  960
990137  960
995354  960
1012865  960
991586  970
904105  970
907394  970
952085  970
920959  970
919659  970
922484  970
917299  970
903824  970
919752  970
926917  980
923749  980
960524  980
927306  980
923704  980
921282  980
977703  980
932916  980
959975  980
927173  980
977679  990
946791  990
943344  990
942889  990
941061  990
962117  990
942349  990
946165  990
951185  990
950933  990
1001503  1000
961704  1000
961599  1000
978267  1000
966546  1000
991187  1000
960347  1000
970706  1000
960682  1000
974096  1000
