103  10
110  10
107  10
110  10
113  10
120  10
127  10
119  10
128  10
119  10
749  20
747  20
753  20
748  20
773  20
751  20
745  20
748  20
754  20
750  20
1927  30
1934  30
5551  30
1789  30
1821  30
1793  30
1868  30
1860  30
1878  30
1898  30
3401  40
3321  40
3544  40
3449  40
3342  40
3464  40
3404  40
5327  40
3427  40
3576  40
5850  50
5624  50
5905  50
5611  50
5677  50
5618  50
5650  50
5666  50
6124  50
5617  50
8402  60
8337  60
8736  60
8248  60
7984  60
7723  60
8274  60
8896  60
8251  60
10222  60
11481  70
10595  70
10666  70
11096  70
10634  70
10719  70
12548  70
10872  70
10544  70
8089  70
16371  80
16143  80
14308  80
14051  80
14061  80
14239  80
14288  80
14357  80
14101  80
14056  80
18117  90
18307  90
19156  90
18678  90
18930  90
18661  90
18763  90
24575  90
18193  90
18043  90
24656  100
23048  100
22559  100
23361  100
22736  100
22740  100
22911  100
23086  100
27465  100
22882  100
27853  110
28695  110
28051  110
28527  110
28558  110
30024  110
28138  110
27955  110
27709  110
27952  110
33005  120
33818  120
32428  120
33134  120
34096  120
34724  120
35067  120
33616  120
33591  120
34152  120
39061  130
38987  130
39693  130
39114  130
39114  130
39103  130
39205  130
38869  130
39319  130
39206  130
45444  140
45413  140
47114  140
46511  140
46136  140
45525  140
45781  140
45566  140
46268  140
45673  140
52588  150
52781  150
52734  150
52789  150
52999  150
52776  150
52745  150
52427  150
52414  150
52346  150
59795  160
59797  160
59557  160
60030  160
60196  160
60389  160
60275  160
60520  160
60980  160
60206  160
68562  170
68055  170
68893  170
68168  170
68698  170
68953  170
68180  170
68758  170
68251  170
67635  170
76781  180
81015  180
76820  180
76748  180
77203  180
77389  180
76796  180
76698  180
76893  180
76741  180
85294  190
88789  190
85323  190
85109  190
85067  190
89134  190
84983  190
85116  190
85144  190
85341  190
93999  200
93227  200
93397  200
93098  200
93245  200
93874  200
93214  200
94043  200
94004  200
92959  200
98549  210
98880  210
99192  210
99321  210
99409  210
99778  210
99770  210
99381  210
98938  210
98622  210
105306  220
107338  220
104863  220
108000  220
105886  220
104774  220
105129  220
104881  220
105065  220
105332  220
112074  230
110941  230
111225  230
111673  230
111382  230
110818  230
111009  230
110881  230
114760  230
110931  230
118985  240
117384  240
111429  240
118027  240
117460  240
118236  240
118182  240
112277  240
117593  240
118303  240
124436  250
124817  250
125234  250
124733  250
124743  250
126260  250
124332  250
124815  250
125732  250
124049  250
132298  260
133637  260
132968  260
131838  260
133335  260
132322  260
132225  260
132460  260
134224  260
132220  260
140267  270
140926  270
140701  270
139797  270
140452  270
139666  270
141816  270
141001  270
140202  270
139775  270
148860  280
148912  280
147281  280
146850  280
146149  280
149543  280
148471  280
151986  280
152836  280
174216  280
155664  290
156739  290
155412  290
157073  290
156948  290
156450  290
159405  290
155481  290
160149  290
155157  290
166650  300
168483  300
164797  300
166994  300
167178  300
171476  300
162252  300
164226  300
155013  300
169730  300
174078  310
173433  310
172371  310
173020  310
178516  310
174057  310
176747  310
173229  310
173162  310
177038  310
181611  320
180504  320
184287  320
180646  320
186051  320
180152  320
181488  320
181651  320
183556  320
186108  320
195489  330
188896  330
187961  330
183966  330
186796  330
206965  330
191075  330
189389  330
193368  330
190887  330
195098  340
198121  340
200732  340
200590  340
199357  340
202674  340
200282  340
194829  340
216863  340
207264  340
208415  350
200557  350
216080  350
211612  350
206590  350
209699  350
213657  350
211237  350
211088  350
208609  350
217500  360
218339  360
213720  360
208784  360
218097  360
214810  360
217368  360
226662  360
226545  360
228295  360
232354  370
223876  370
231638  370
238854  370
230988  370
231345  370
229169  370
232238  370
228842  370
232914  370
238017  380
243358  380
241621  380
238474  380
243027  380
239501  380
242024  380
242579  380
232795  380
240349  380
247385  390
249975  390
247108  390
256285  390
251756  390
248844  390
251037  390
258253  390
254486  390
249690  390
274922  400
260232  400
261289  400
250845  400
260206  400
260196  400
258331  400
269388  400
261942  400
261436  400
270706  410
270476  410
272427  410
266057  410
275574  410
288738  410
272157  410
282325  410
270764  410
267622  410
281076  420
292313  420
289987  420
277239  420
288664  420
283052  420
276853  420
285178  420
299001  420
282413  420
294954  430
297202  430
295511  430
299244  430
294771  430
300956  430
304312  430
295847  430
305617  430
301018  430
315592  440
311602  440
308044  440
310408  440
308510  440
309661  440
318223  440
322918  440
316753  440
308211  440
322737  450
322156  450
322179  450
330742  450
329601  450
332877  450
317912  450
325315  450
320773  450
318750  450
334107  460
336547  460
337210  460
334415  460
334666  460
335566  460
332989  460
337096  460
334924  460
336879  460
365557  470
346219  470
363275  470
352016  470
351930  470
354454  470
350290  470
346747  470
364272  470
346874  470
366487  480
361924  480
359229  480
355986  480
363445  480
382846  480
377033  480
363825  480
361799  480
363770  480
383804  490
375025  490
373030  490
387961  490
374485  490
365991  490
370746  490
374715  490
379619  490
383028  490
389875  500
381832  500
385914  500
408459  500
390023  500
397604  500
394844  500
387887  500
387133  500
386887  500
403884  510
397457  510
426086  510
404377  510
401089  510
418328  510
402619  510
410722  510
414752  510
401384  510
420498  520
417125  520
419278  520
419077  520
426310  520
441978  520
430389  520
422328  520
439243  520
417823  520
432355  530
439529  530
451643  530
450195  530
440995  530
432145  530
434912  530
436489  530
434998  530
443119  530
450862  540
455107  540
453030  540
460238  540
458623  540
450357  540
450452  540
449969  540
449406  540
449841  540
468972  550
491771  550
472007  550
466977  550
465568  550
466480  550
467685  550
467274  550
464513  550
471290  550
484130  560
485258  560
481604  560
481505  560
486159  560
493074  560
480783  560
483351  560
490690  560
481089  560
532773  570
507028  570
501225  570
502779  570
525736  570
498548  570
504443  570
502515  570
506151  570
503998  570
538310  580
525896  580
518050  580
518940  580
519477  580
530052  580
521778  580
516421  580
521802  580
538399  580
540608  590
561104  590
618979  590
544597  590
536492  590
542368  590
541530  590
540581  590
541182  590
546622  590
550694  600
553359  600
557342  600
558267  600
552991  600
559149  600
553406  600
562863  600
553321  600
552624  600
583601  610
585988  610
588038  610
655915  610
588853  610
578905  610
576509  610
586878  610
574990  610
571131  610
601631  620
598320  620
630246  620
596010  620
591258  620
602866  620
607540  620
598319  620
599270  620
587905  620
618119  630
615013  630
608816  630
623908  630
621912  630
620510  630
640033  630
617863  630
635139  630
610275  630
633265  640
656056  640
639325  640
671506  640
629972  640
623421  640
628644  640
626783  640
635364  640
652550  640
669225  650
648629  650
649982  650
648792  650
654853  650
646868  650
654089  650
649026  650
643534  650
658971  650
673160  660
677415  660
668664  660
669374  660
671085  660
675177  660
681970  660
674884  660
667168  660
684996  660
704967  670
688434  670
705947  670
709861  670
705070  670
691871  670
725584  670
705058  670
698345  670
709573  670
789119  680
733762  680
712105  680
712226  680
744483  680
714031  680
720015  680
717201  680
715877  680
718590  680
747744  690
746314  690
756505  690
732545  690
733834  690
740093  690
773504  690
753326  690
766503  690
744194  690
763537  700
778487  700
773007  700
753182  700
764969  700
753447  700
754833  700
777029  700
788214  700
758954  700
791201  710
783301  710
786655  710
774466  710
777415  710
781191  710
792033  710
781186  710
775556  710
823965  710
805614  720
799598  720
797584  720
802562  720
813570  720
806377  720
801913  720
829207  720
810072  720
801508  720
827780  730
842470  730
821065  730
819579  730
839587  730
830050  730
835648  730
836475  730
824879  730
819687  730
890787  740
842183  740
866058  740
841927  740
858137  740
844233  740
864227  740
847822  740
870353  740
880010  740
911280  750
911383  750
910929  750
876792  750
865785  750
892734  750
862910  750
872498  750
868250  750
875159  750
899765  760
883882  760
918429  760
915164  760
887717  760
901533  760
904311  760
895648  760
912949  760
904544  760
906222  770
913316  770
927933  770
911946  770
917997  770
908677  770
918513  770
921548  770
914024  770
950820  770
953927  780
961501  780
957835  780
951386  780
945084  780
963448  780
960519  780
948830  780
928610  780
934637  780
957909  790
981491  790
956979  790
962226  790
962216  790
963375  790
965360  790
981387  790
955625  790
962715  790
1002989  800
995165  800
1042865  800
997267  800
994821  800
1012415  800
1008950  800
987949  800
987663  800
985010  800
1080941  810
1073554  810
1013084  810
1011607  810
1052747  810
1019656  810
1022486  810
1010509  810
1009872  810
1032309  810
1039356  820
1040215  820
1052185  820
1037850  820
1073289  820
1040502  820
1048926  820
1042779  820
1070427  820
1054498  820
1062390  830
1061989  830
1054111  830
1093010  830
1055845  830
1064723  830
1059772  830
1097666  830
1056094  830
1062749  830
1087985  840
1087512  840
1093084  840
1092589  840
1098758  840
1085023  840
1147696  840
1220247  840
1085039  840
1100036  840
1128014  850
1112939  850
1112090  850
1156340  850
1162161  850
1145691  850
1114437  850
1113296  850
1145533  850
1119203  850
1187673  860
1184054  860
1136754  860
1153967  860
1150067  860
1136763  860
1147620  860
1135348  860
1174118  860
1200330  860
1216993  870
1174324  870
1165626  870
1214708  870
1158469  870
1178612  870
1229196  870
1164359  870
1173037  870
1183831  870
1191206  880
1225817  880
1234368  880
1201979  880
1190389  880
1188907  880
1204915  880
1202853  880
1219226  880
1193310  880
1222718  890
1230257  890
1219131  890
1223832  890
1237621  890
1221195  890
1235890  890
1239949  890
1228401  890
1222312  890
1249062  900
1250203  900
1252208  900
1245578  900
1253083  900
1271394  900
1282080  900
1238835  900
1247031  900
1276354  900
1301801  910
1281694  910
1340203  910
1294437  910
1293584  910
1292173  910
1375309  910
1358980  910
1357334  910
1384610  910
1374330  920
1335172  920
1371112  920
1344702  920
1308196  920
1306132  920
1312600  920
1312100  920
1314437  920
1309249  920
1361778  930
1377779  930
1378440  930
1329981  930
1332534  930
1362801  930
1344701  930
1356140  930
1358412  930
1348989  930
1372929  940
1359883  940
1366707  940
1395664  940
1353627  940
1359020  940
1379560  940
1391507  940
1367216  940
1366258  940
1434965  950
1390812  950
1391362  950
1410657  950
1388707  950
1393239  950
1392348  950
1440686  950
1448637  950
1396342  950
1415524  960
1440461  960
1430294  960
1438703  960
1416208  960
1442244  960
1433551  960
1424812  960
1420838  960
1445143  960
1502614  970
1460335  970
1444716  970
1450151  970
1491132  970
1457846  970
1500532  970
1448815  970
1528766  970
1494965  970
1482167  980
1534377  980
1488180  980
1472483  980
1478665  980
1484378  980
1482951  980
1489387  980
1536716  980
1498930  980
1515512  990
1577518  990
1521670  990
1521635  990
1534637  990
1510254  990
1524126  990
1511558  990
1531024  990
1548110  990
1541429  1000
1600226  1000
1549418  1000
1543790  1000
1626277  1000
1546430  1000
1554625  1000
1587874  1000
1659466  1000
1585562  1000
