681  10
10565  10
2425  10
4316  10
6438  10
4784  10
7794  10
9109  10
2320  10
2362  10
4835  20
2980  20
7602  20
8072  20
6984  20
5000  20
4187  20
9854  20
6471  20
5902  20
5489  30
9599  30
17312  30
5528  30
2248  30
2075  30
2202  30
5665  30
2088  30
11614  30
7273  40
5171  40
5467  40
3482  40
6791  40
6550  40
2978  40
7006  40
10981  40
6866  40
10159  50
12708  50
5875  50
12217  50
8712  50
11347  50
7829  50
13281  50
12332  50
14427  50
9825  60
14392  60
11784  60
9586  60
14366  60
15686  60
20910  60
15200  60
8773  60
11547  60
8819  70
22105  70
12850  70
12221  70
18131  70
16889  70
13117  70
16037  70
19453  70
9272  70
13757  80
16576  80
13718  80
12395  80
17776  80
14104  80
14965  80
14222  80
13975  80
17000  80
15720  90
16390  90
17904  90
18219  90
21728  90
18146  90
13050  90
14775  90
23474  90
15031  90
17780  100
20602  100
23876  100
25885  100
25187  100
25261  100
30687  100
24271  100
21719  100
26498  100
35769  110
25119  110
22069  110
31349  110
38894  110
27883  110
28813  110
29705  110
26917  110
25318  110
37913  120
29375  120
26242  120
29000  120
34590  120
28794  120
37897  120
25366  120
28876  120
39824  120
50206  130
31819  130
34408  130
50605  130
36388  130
40849  130
33244  130
34091  130
34179  130
34840  130
36585  140
35103  140
36065  140
35355  140
36343  140
41380  140
37817  140
35350  140
37596  140
34846  140
43259  150
43801  150
44819  150
44578  150
43451  150
60661  150
55431  150
42601  150
41974  150
50098  150
55221  160
48223  160
51069  160
48084  160
56942  160
59895  160
42290  160
44368  160
44313  160
49029  160
52216  170
52663  170
83371  170
51044  170
56967  170
61979  170
50631  170
49681  170
49970  170
48785  170
57870  180
57723  180
55432  180
56522  180
55572  180
53837  180
55178  180
61158  180
70061  180
59371  180
72910  190
61257  190
61510  190
62779  190
66056  190
69867  190
60965  190
63089  190
60946  190
61669  190
68158  200
69426  200
68710  200
67148  200
67644  200
66942  200
68902  200
82837  200
68318  200
65750  200
75200  210
73781  210
74219  210
74108  210
74460  210
78890  210
82313  210
78796  210
81104  210
74048  210
79966  220
78879  220
84276  220
83151  220
84043  220
82653  220
91246  220
81122  220
82091  220
80834  220
90730  230
88407  230
90603  230
90227  230
88678  230
88907  230
88759  230
85726  230
88262  230
87880  230
94352  240
93088  240
95990  240
95998  240
93424  240
92220  240
99695  240
93743  240
105819  240
95870  240
100045  250
89939  250
100247  250
98294  250
101862  250
98426  250
97104  250
97213  250
99757  250
99855  250
106673  260
102510  260
104331  260
103722  260
103302  260
101054  260
104758  260
103662  260
98491  260
106079  260
113298  270
111337  270
109122  270
108526  270
111991  270
106497  270
114136  270
106970  270
106695  270
107221  270
110698  280
112939  280
115427  280
116606  280
112173  280
112584  280
117268  280
114739  280
112635  280
110661  280
122664  290
118071  290
119007  290
119964  290
120007  290
117929  290
124387  290
123482  290
116367  290
121672  290
122526  300
130755  300
126129  300
128084  300
123652  300
126847  300
130129  300
127265  300
126876  300
132687  300
136605  310
132672  310
127000  310
169942  310
128542  310
135032  310
137304  310
130305  310
135967  310
130784  310
142161  320
138555  320
158221  320
150794  320
153341  320
159142  320
138760  320
134790  320
136075  320
148684  320
150009  330
148990  330
145960  330
146802  330
175310  330
146364  330
141997  330
140826  330
145448  330
140590  330
155775  340
156048  340
148818  340
155442  340
156200  340
157319  340
156275  340
153691  340
150477  340
152604  340
163837  350
164096  350
165967  350
161178  350
156575  350
175812  350
145001  350
164531  350
158664  350
158549  350
175664  360
178162  360
173760  360
168648  360
166193  360
169289  360
170819  360
176624  360
169831  360
165546  360
200742  370
178911  370
180776  370
181504  370
181652  370
166642  370
168047  370
160376  370
160851  370
168019  370
182508  380
184039  380
186185  380
177815  380
194929  380
184348  380
195615  380
199184  380
223690  380
223024  380
213065  390
193728  390
237431  390
197344  390
213421  390
226760  390
226902  390
240562  390
197734  390
187558  390
211272  400
187965  400
189926  400
181907  400
197085  400
216336  400
188433  400
182630  400
184709  400
183763  400
193891  410
217258  410
274353  410
222299  410
205772  410
226420  410
229347  410
208948  410
210912  410
228043  410
215709  420
202768  420
210117  420
202575  420
199805  420
217821  420
210780  420
213518  420
212108  420
206768  420
301200  430
301286  430
300730  430
301836  430
290842  430
324765  430
228683  430
239242  430
253301  430
241092  430
252968  440
234605  440
261604  440
231198  440
230360  440
236147  440
231767  440
230166  440
327503  440
327437  440
361428  450
280423  450
257520  450
248761  450
264531  450
256102  450
246319  450
252833  450
255145  450
258696  450
356673  460
262256  460
263843  460
259582  460
266436  460
338739  460
265061  460
298120  460
339593  460
287943  460
245622  470
249020  470
250609  470
246382  470
245029  470
243861  470
247644  470
343285  470
282631  470
306020  470
355118  480
286154  480
284109  480
283910  480
339115  480
256117  480
272810  480
264434  480
277651  480
272737  480
264382  490
264048  490
290970  490
265142  490
287135  490
276310  490
303398  490
269795  490
264783  490
263019  490
295750  500
309255  500
298396  500
290499  500
299176  500
295816  500
298687  500
280578  500
277430  500
290188  500
302020  510
286176  510
288078  510
287400  510
298103  510
302948  510
286728  510
313718  510
287216  510
289171  510
338339  520
312042  520
309535  520
328032  520
302030  520
332158  520
324855  520
329608  520
323292  520
326871  520
302872  530
323644  530
306895  530
361603  530
339682  530
371248  530
353149  530
339601  530
364936  530
371719  530
361149  540
334444  540
335844  540
382846  540
428195  540
377952  540
372552  540
384758  540
406176  540
340502  540
435898  550
386675  550
364316  550
410363  550
375291  550
378942  550
343428  550
374705  550
366976  550
367862  550
423377  560
385863  560
403148  560
361086  560
365348  560
384437  560
361667  560
379222  560
371563  560
367453  560
384656  570
401316  570
360436  570
384798  570
361895  570
379014  570
387547  570
363189  570
389959  570
368269  570
382580  580
436376  580
467058  580
444133  580
431971  580
399494  580
449309  580
399424  580
430367  580
367489  580
397837  590
394981  590
405155  590
410600  590
381981  590
406594  590
371620  590
371888  590
374925  590
379630  590
400630  600
397731  600
389878  600
417727  600
404063  600
397652  600
390971  600
406368  600
412471  600
396578  600
418598  610
418202  610
425363  610
418688  610
405642  610
415505  610
429561  610
421583  610
421565  610
423872  610
417585  620
428235  620
411458  620
430311  620
436200  620
423767  620
420270  620
425265  620
427952  620
441729  620
422427  630
434674  630
438391  630
442846  630
434324  630
437197  630
423211  630
425175  630
424633  630
433365  630
441355  640
440729  640
452858  640
475287  640
442880  640
452311  640
443578  640
445801  640
451245  640
451941  640
471649  650
471117  650
458005  650
464790  650
473108  650
459635  650
456877  650
465231  650
452349  650
468058  650
480727  660
496902  660
494505  660
485632  660
482422  660
494549  660
478828  660
483548  660
492151  660
516659  660
526107  670
610267  670
567910  670
535028  670
566695  670
593063  670
513938  670
519655  670
498348  670
516119  670
491807  680
537499  680
511143  680
499742  680
519850  680
583497  680
497694  680
552851  680
493905  680
512287  680
531741  690
514895  690
535497  690
549955  690
509937  690
535695  690
534495  690
569401  690
552145  690
548763  690
572937  700
541639  700
525141  700
538885  700
532744  700
531824  700
543931  700
537426  700
554914  700
600805  700
548727  710
544360  710
561129  710
559283  710
550397  710
564505  710
544601  710
632080  710
636077  710
632761  710
644514  720
642885  720
625111  720
571917  720
570772  720
658044  720
586546  720
581421  720
578816  720
657524  720
621365  730
578963  730
594726  730
677999  730
653726  730
572620  730
582475  730
612829  730
579183  730
596670  730
588705  740
587115  740
611968  740
590111  740
647000  740
606948  740
614053  740
627751  740
597042  740
591963  740
609250  750
634568  750
613129  750
634952  750
623253  750
643882  750
625229  750
621633  750
618916  750
624559  750
625833  760
624874  760
640597  760
645052  760
623016  760
636337  760
651488  760
644090  760
658826  760
641369  760
645434  770
662550  770
646225  770
648894  770
646997  770
644973  770
652689  770
672846  770
670980  770
668967  770
658842  780
682623  780
675984  780
670142  780
674999  780
668715  780
677945  780
765676  780
663761  780
724660  780
759561  790
711948  790
767508  790
691040  790
772429  790
694330  790
681706  790
702427  790
685999  790
686798  790
693962  800
685499  800
686285  800
693895  800
702476  800
683109  800
686277  800
680879  800
721940  800
689475  800
827048  810
732573  810
729202  810
739384  810
702285  810
711579  810
714116  810
724966  810
721801  810
719223  810
729131  820
757272  820
746267  820
738991  820
746011  820
729779  820
789123  820
751382  820
767200  820
745261  820
802827  830
759582  830
829517  830
834125  830
979941  830
882477  830
1066229  830
839481  830
876861  830
774493  830
783272  840
784162  840
853547  840
878547  840
831062  840
844703  840
851344  840
857244  840
840254  840
858178  840
886006  850
887828  850
880414  850
923990  850
1039900  850
984116  850
937464  850
945337  850
1135822  850
935296  850
944294  860
1081522  860
962315  860
934705  860
900716  860
893365  860
883217  860
869675  860
960006  860
1015686  860
961391  870
956997  870
855122  870
880898  870
835856  870
833952  870
827103  870
1019744  870
940208  870
991781  870
1008445  880
1053859  880
1024177  880
963595  880
916221  880
863979  880
855361  880
867341  880
880672  880
929917  880
897732  890
918051  890
992231  890
977695  890
936669  890
926971  890
869795  890
895111  890
863477  890
912824  890
975000  900
1143096  900
899630  900
992976  900
908113  900
1038782  900
868379  900
931307  900
911079  900
964671  900
1028791  910
1079975  910
1068260  910
1331545  910
1001680  910
1171688  910
1176430  910
1134992  910
1012134  910
898924  910
915174  920
903501  920
917382  920
901593  920
1195297  920
1019577  920
1246584  920
985186  920
901303  920
987346  920
996398  930
1127974  930
1126357  930
1299147  930
1255659  930
1408831  930
1318233  930
1337915  930
1185384  930
1190292  930
1234291  940
1291532  940
1307447  940
1264172  940
1193451  940
1253523  940
1202724  940
1193233  940
1353743  940
1333831  940
1296221  950
1357292  950
1383571  950
1256573  950
1265872  950
1245727  950
1270451  950
1307159  950
1252682  950
1270660  950
1255190  960
1268312  960
1277834  960
1273034  960
1265106  960
1289290  960
1264147  960
1285081  960
1265452  960
1286279  960
1272900  970
1277249  970
1273999  970
1287384  970
1309132  970
1307007  970
1399845  970
1423065  970
1340365  970
1226228  970
1483218  980
1390444  980
1244910  980
1023515  980
1123613  980
1042944  980
1036015  980
1032954  980
1038793  980
1264565  980
1057487  990
1092282  990
1182326  990
1326279  990
1493856  990
1456977  990
1123175  990
1066541  990
1081811  990
1081415  990
1123857  1000
1108272  1000
1077309  1000
1097781  1000
1077609  1000
1132043  1000
1080420  1000
1088707  1000
1087979  1000
1113101  1000
