113  10
113  10
118  10
113  10
113  10
127  10
125  10
126  10
125  10
125  10
592  20
584  20
584  20
415  20
581  20
583  20
582  20
585  20
572  20
543  20
1289  30
1346  30
1315  30
1292  30
1298  30
1359  30
1308  30
1275  30
1272  30
1267  30
2360  40
2311  40
2282  40
2409  40
2354  40
2282  40
4780  40
2289  40
2287  40
2323  40
3767  50
3697  50
5867  50
3743  50
3740  50
3699  50
3708  50
3932  50
3653  50
3640  50
5336  60
5299  60
5386  60
5301  60
5412  60
5309  60
5781  60
5302  60
8726  60
5315  60
7235  70
7204  70
7190  70
9268  70
7201  70
7257  70
7220  70
7327  70
7424  70
6683  70
9878  80
9585  80
9400  80
9445  80
11287  80
11384  80
9433  80
9392  80
9706  80
9655  80
11959  90
11964  90
12017  90
11982  90
12035  90
11992  90
13398  90
12201  90
12207  90
16597  90
15329  100
15297  100
18080  100
15445  100
15372  100
15157  100
15067  100
14914  100
14959  100
15119  100
18531  110
18389  110
18479  110
18295  110
18451  110
18425  110
19673  110
18325  110
18684  110
18566  110
21795  120
25896  120
22031  120
21849  120
22883  120
26263  120
21793  120
23556  120
22452  120
22004  120
26279  130
27124  130
25894  130
26279  130
25707  130
26303  130
25832  130
29671  130
25630  130
26324  130
29957  140
30398  140
30419  140
30486  140
31037  140
30665  140
30453  140
30335  140
30521  140
30822  140
34986  150
34971  150
35208  150
35416  150
35275  150
35621  150
35528  150
34733  150
34871  150
34875  150
39706  160
39767  160
39681  160
39683  160
39663  160
46330  160
42295  160
47897  160
40807  160
40629  160
51275  170
49447  170
46651  170
44801  170
44970  170
44751  170
45517  170
46794  170
51014  170
49063  170
54864  180
50068  180
56798  180
50062  180
75558  180
55218  180
104517  180
106285  180
61591  180
102450  180
65175  190
101454  190
109344  190
106345  190
74181  190
59962  190
59037  190
66225  190
58502  190
63290  190
71968  200
65137  200
70334  200
64392  200
91435  200
121882  200
112242  200
74103  200
66409  200
63498  200
76987  210
71607  210
70350  210
71405  210
68604  210
70061  210
68276  210
73130  210
72472  210
73026  210
75978  220
82192  220
80399  220
80185  220
79160  220
81843  220
74888  220
82604  220
86043  220
78732  220
82217  230
82621  230
88474  230
82500  230
89089  230
84972  230
82628  230
84895  230
106175  230
83049  230
98682  240
90330  240
91577  240
91283  240
110476  240
113277  240
90964  240
83632  240
89276  240
152835  240
111917  250
129336  250
112678  250
113902  250
107532  250
98764  250
106956  250
141112  250
104555  250
98220  250
116006  260
125828  260
118843  260
122453  260
113610  260
136186  260
134394  260
109382  260
134872  260
140218  260
131779  270
125177  270
154872  270
141533  270
113262  270
115682  270
132139  270
137717  270
133666  270
110810  270
117340  280
129685  280
129652  280
136981  280
164298  280
159017  280
115157  280
121528  280
139674  280
159318  280
171917  290
137019  290
161258  290
163516  290
152071  290
152677  290
133160  290
149375  290
155594  290
148237  290
124184  300
138989  300
143208  300
151149  300
150126  300
152682  300
128011  300
154968  300
133992  300
141838  300
171608  310
156401  310
169787  310
136752  310
180322  310
135354  310
165663  310
135130  310
127111  310
142291  310
169362  320
186164  320
137032  320
137476  320
133327  320
140697  320
165981  320
141509  320
140584  320
138331  320
147178  330
144317  330
156965  330
186922  330
142285  330
175477  330
182770  330
146573  330
178646  330
157317  330
184522  340
186087  340
157421  340
164779  340
161600  340
159707  340
151859  340
180525  340
185761  340
177166  340
201178  350
158271  350
158116  350
163240  350
168487  350
160628  350
158232  350
156697  350
190255  350
157853  350
168332  360
162925  360
218640  360
190479  360
155382  360
154445  360
153781  360
172325  360
159492  360
148946  360
162500  370
167545  370
152014  370
201460  370
165182  370
152235  370
179577  370
177841  370
172841  370
168166  370
181958  380
176183  380
167393  380
175748  380
167356  380
167002  380
173333  380
169000  380
151747  380
160559  380
174161  390
173161  390
187020  390
178730  390
179139  390
175148  390
175573  390
182186  390
176305  390
166512  390
182550  400
180935  400
181844  400
185062  400
181963  400
186634  400
173107  400
182680  400
182296  400
182266  400
193910  410
194375  410
182832  410
187137  410
188400  410
187378  410
193836  410
190458  410
188096  410
188480  410
197043  420
205128  420
201133  420
190599  420
195872  420
194094  420
208617  420
196849  420
197165  420
203324  420
202312  430
202659  430
206933  430
213052  430
203692  430
209692  430
207417  430
208121  430
211546  430
207911  430
213187  440
215038  440
207420  440
212588  440
219098  440
213191  440
211914  440
215948  440
214153  440
216336  440
225638  450
226193  450
241635  450
219775  450
220642  450
225224  450
221766  450
222868  450
226802  450
220908  450
229359  460
230169  460
230671  460
244415  460
223616  460
230166  460
227996  460
239818  460
233277  460
251162  460
250692  470
246646  470
232558  470
252466  470
239689  470
250425  470
238631  470
237684  470
237733  470
231385  470
247329  480
246911  480
254652  480
247271  480
257208  480
245811  480
249094  480
255693  480
244395  480
246563  480
260441  490
263183  490
254309  490
256047  490
260921  490
257894  490
268936  490
248656  490
255706  490
251267  490
275354  500
262889  500
275653  500
266053  500
272926  500
274458  500
258543  500
263248  500
285836  500
281742  500
269164  510
271745  510
271459  510
273910  510
292399  510
273877  510
277977  510
281028  510
277062  510
282847  510
283790  520
288597  520
294613  520
299643  520
287495  520
282116  520
288553  520
289005  520
288303  520
295685  520
298669  530
292584  530
292619  530
300219  530
298436  530
289466  530
294125  530
305034  530
305147  530
296814  530
304311  540
303420  540
301330  540
309682  540
306817  540
298295  540
302903  540
305099  540
322436  540
328877  540
346383  550
342661  550
330997  550
343406  550
328994  550
326407  550
356392  550
317076  550
325096  550
315928  550
333933  560
334533  560
327906  560
332003  560
325270  560
337323  560
340663  560
334053  560
330583  560
338642  560
341172  570
336279  570
346157  570
343051  570
354501  570
355530  570
364219  570
368526  570
387853  570
354172  570
393032  580
393716  580
369442  580
354744  580
356773  580
379175  580
356322  580
362454  580
354538  580
387137  580
367056  590
361730  590
364583  590
367935  590
457697  590
386955  590
413360  590
389490  590
361273  590
357146  590
414716  600
405720  600
370145  600
369276  600
377716  600
380542  600
372056  600
368121  600
380286  600
371195  600
405794  610
391654  610
392470  610
386661  610
394171  610
383491  610
387099  610
387925  610
389677  610
382074  610
405121  620
395667  620
396394  620
393422  620
404815  620
397688  620
395333  620
393875  620
412057  620
394329  620
414851  630
412417  630
407532  630
414040  630
412130  630
407762  630
410630  630
419075  630
412296  630
411449  630
434430  640
444922  640
421172  640
427457  640
430730  640
453897  640
445819  640
428099  640
423010  640
437068  640
448077  650
436516  650
433815  650
437384  650
436796  650
451966  650
449874  650
435584  650
454776  650
448356  650
465559  660
450533  660
465694  660
457315  660
450068  660
468774  660
461459  660
451127  660
455166  660
454261  660
465483  670
481930  670
475810  670
465936  670
462096  670
493602  670
465545  670
461598  670
465348  670
485184  670
482204  680
499329  680
478064  680
479439  680
483198  680
478521  680
502925  680
475809  680
477427  680
489914  680
497817  690
490060  690
489838  690
495440  690
490007  690
490144  690
501941  690
493508  690
500760  690
500635  690
507892  700
511164  700
514591  700
503927  700
506922  700
526269  700
518869  700
532808  700
526309  700
510438  700
517875  710
519606  710
521295  710
523068  710
520419  710
537888  710
529730  710
522691  710
531978  710
539191  710
566624  720
562792  720
554581  720
554663  720
551510  720
550091  720
541028  720
537385  720
533451  720
541334  720
562821  730
551594  730
559891  730
552991  730
545428  730
565560  730
558556  730
548554  730
554553  730
554760  730
573980  740
588546  740
575826  740
594981  740
571301  740
602713  740
566512  740
574433  740
567070  740
591687  740
603853  750
594921  750
595883  750
584765  750
593159  750
592716  750
583432  750
604496  750
589218  750
579213  750
601150  760
599731  760
601587  760
595487  760
597411  760
605134  760
608332  760
603891  760
593339  760
603271  760
626120  770
627399  770
634872  770
614396  770
610606  770
639942  770
632256  770
608887  770
618752  770
636550  770
629249  780
625886  780
644491  780
647494  780
643400  780
624937  780
633755  780
626155  780
631749  780
674371  780
721048  790
654433  790
646536  790
664075  790
647490  790
641410  790
645206  790
662007  790
656969  790
650717  790
673258  800
711316  800
665756  800
663785  800
710401  800
673776  800
675215  800
671915  800
692714  800
676311  800
676485  810
679350  810
689837  810
676775  810
697982  810
674487  810
675531  810
690074  810
675842  810
699783  810
696844  820
698877  820
696661  820
706719  820
692010  820
724881  820
725376  820
719090  820
702816  820
702748  820
732205  830
712623  830
719677  830
732248  830
738367  830
712018  830
747409  830
739756  830
718734  830
711460  830
728316  840
750498  840
740986  840
777286  840
731859  840
762922  840
726419  840
741627  840
733042  840
751901  840
768793  850
749511  850
745521  850
744871  850
771990  850
766501  850
752312  850
746012  850
748490  850
745679  850
780005  860
763792  860
786621  860
789032  860
803158  860
758769  860
781851  860
775613  860
810267  860
759468  860
786496  870
783977  870
785190  870
779124  870
786026  870
798814  870
784142  870
801815  870
784910  870
815459  870
806451  880
803338  880
806938  880
801669  880
800727  880
822306  880
813704  880
829509  880
813625  880
801159  880
848491  890
834803  890
811766  890
840881  890
847529  890
825057  890
822008  890
836609  890
818498  890
813130  890
839286  900
840910  900
858152  900
838102  900
843442  900
875563  900
841428  900
835423  900
836157  900
832196  900
887922  910
859224  910
848146  910
861199  910
856594  910
888950  910
862822  910
853462  910
869712  910
879041  910
879833  920
869792  920
912735  920
871724  920
898779  920
879586  920
875185  920
882098  920
878438  920
874129  920
923327  930
897067  930
894404  930
906624  930
908935  930
895419  930
891309  930
893606  930
945715  930
898191  930
910234  940
911370  940
932589  940
941992  940
921497  940
929898  940
934646  940
911958  940
920273  940
908987  940
935536  950
944392  950
948490  950
931201  950
941160  950
939375  950
951164  950
933576  950
930705  950
942286  950
967848  960
958930  960
956746  960
975323  960
950898  960
966067  960
957813  960
954820  960
951769  960
968745  960
981670  970
976017  970
977575  970
974955  970
969707  970
993732  970
974521  970
975548  970
967166  970
985249  970
997312  980
983132  980
989477  980
999442  980
999412  980
1010147  980
994945  980
1005356  980
1000554  980
999836  980
1040478  990
1042231  990
1024375  990
1011410  990
1019579  990
1014605  990
1042467  990
1021215  990
1019262  990
1013039  990
1039859  1000
1028950  1000
1048253  1000
1049069  1000
1031801  1000
1035546  1000
1036490  1000
1037896  1000
1036657  1000
1033973  1000
