153  10
122  10
129  10
123  10
122  10
194  10
124  10
89  10
124  10
122  10
337  20
464  20
464  20
474  20
467  20
465  20
473  20
460  20
461  20
464  20
1016  30
1011  30
1012  30
1015  30
1015  30
1018  30
1026  30
1118  30
1037  30
967  30
1732  40
1754  40
1412  40
1762  40
1695  40
1697  40
1667  40
1662  40
1753  40
1684  40
2804  50
2713  50
2565  50
2766  50
2718  50
3353  50
2732  50
2704  50
2863  50
2711  50
4259  60
3894  60
3953  60
3893  60
4002  60
3907  60
3954  60
3907  60
3937  60
2868  60
5254  70
5255  70
5375  70
5235  70
5381  70
5232  70
5448  70
5359  70
5238  70
4816  70
6538  80
6321  80
6169  80
6179  80
6109  80
6295  80
6126  80
6125  80
6193  80
6177  80
7805  90
7833  90
7806  90
7849  90
7878  90
7832  90
10666  90
8862  90
7913  90
7750  90
9585  100
8183  100
12142  100
9625  100
9915  100
9612  100
9802  100
9533  100
9557  100
9491  100
11469  110
11516  110
11523  110
12402  110
11904  110
12288  110
12608  110
11987  110
11865  110
14867  110
14237  120
20217  120
15106  120
14726  120
14031  120
14251  120
14297  120
13998  120
13847  120
13843  120
16454  130
16673  130
16701  130
17464  130
17778  130
16528  130
17830  130
37352  130
17438  130
17327  130
19035  140
19311  140
19159  140
19259  140
19199  140
19523  140
19253  140
20017  140
19155  140
19451  140
22752  150
22557  150
22295  150
21799  150
22182  150
21686  150
22785  150
22403  150
21742  150
22120  150
24887  160
25288  160
25304  160
25321  160
25955  160
25385  160
26416  160
25312  160
25926  160
25933  160
28642  170
28695  170
28716  170
28269  170
28739  170
28786  170
28723  170
28625  170
28432  170
29214  170
32403  180
32878  180
36505  180
31806  180
31808  180
32341  180
32419  180
36596  180
32303  180
31456  180
35864  190
40185  190
40206  190
35658  190
40217  190
40195  190
35520  190
35961  190
35349  190
35897  190
39083  200
39133  200
39269  200
39258  200
39584  200
39798  200
39850  200
39595  200
40099  200
41657  200
43583  210
42870  210
42937  210
43968  210
43821  210
41388  210
44619  210
48748  210
45539  210
42897  210
48050  220
51270  220
47952  220
47443  220
50260  220
47464  220
47051  220
51254  220
47551  220
47952  220
51793  230
55658  230
52296  230
55614  230
52441  230
55583  230
51451  230
52370  230
55766  230
55312  230
58262  240
59481  240
55809  240
55857  240
57123  240
55773  240
55786  240
56153  240
57576  240
66733  240
60687  250
61445  250
60531  250
61110  250
60662  250
60634  250
60638  250
60563  250
60942  250
60549  250
65194  260
65658  260
65715  260
65325  260
70262  260
65740  260
67539  260
69892  260
71720  260
65543  260
73298  270
70953  270
71049  270
70729  270
72072  270
74728  270
70754  270
70643  270
73331  270
70579  270
76106  280
75973  280
76689  280
79231  280
75825  280
75579  280
75918  280
81178  280
75762  280
76013  280
81463  290
82432  290
80342  290
80580  290
80014  290
80420  290
73066  290
81015  290
83319  290
80265  290
81700  300
81799  300
84129  300
84758  300
82786  300
84024  300
84177  300
84625  300
81629  300
83893  300
86920  310
85435  310
87725  310
87099  310
87394  310
87179  310
86850  310
86967  310
85282  310
79332  310
91238  320
90749  320
90892  320
90059  320
90899  320
86866  320
90315  320
90482  320
91260  320
90566  320
94935  330
93483  330
92773  330
93444  330
93332  330
93436  330
93339  330
93132  330
94770  330
93406  330
93218  340
96473  340
96435  340
96992  340
93700  340
96654  340
93499  340
94472  340
100418  340
97040  340
100681  350
97193  350
101335  350
102362  350
94544  350
103956  350
99102  350
99151  350
102423  350
102525  350
105829  360
101733  360
98603  360
105577  360
101949  360
103710  360
106303  360
103805  360
107641  360
102050  360
101979  370
107851  370
107671  370
112877  370
103017  370
105386  370
107261  370
105133  370
108046  370
104779  370
105489  380
109033  380
112085  380
109929  380
111583  380
112036  380
111650  380
111290  380
113077  380
112836  380
113815  390
115873  390
118664  390
115810  390
122950  390
118677  390
118478  390
116993  390
112876  390
112635  390
113344  400
119107  400
121296  400
120208  400
114070  400
110646  400
112808  400
116655  400
119850  400
111057  400
115781  410
125185  410
127002  410
122568  410
122980  410
120951  410
127516  410
121063  410
129160  410
126841  410
134624  420
127663  420
136306  420
124871  420
135779  420
127669  420
137335  420
127426  420
128236  420
126979  420
131993  430
128383  430
128716  430
128861  430
131502  430
133711  430
138919  430
131402  430
136868  430
131281  430
133162  440
128425  440
131998  440
135846  440
136959  440
144973  440
137059  440
139386  440
130288  440
136842  440
140482  450
140983  450
146256  450
141104  450
141544  450
141017  450
146687  450
146174  450
138542  450
143294  450
140292  460
148590  460
144829  460
144625  460
153817  460
145852  460
149892  460
143967  460
144697  460
150935  460
141583  470
150206  470
153701  470
152870  470
150041  470
155481  470
146050  470
149872  470
156743  470
151529  470
159884  480
156974  480
157174  480
155263  480
152898  480
155239  480
155880  480
152557  480
161254  480
167536  480
154231  490
163806  490
177412  490
168785  490
160175  490
178823  490
158939  490
162580  490
171534  490
157224  490
164501  500
171784  500
168437  500
165065  500
172880  500
170286  500
166436  500
169060  500
173239  500
165324  500
163782  510
176761  510
172878  510
173877  510
169123  510
170889  510
172878  510
164162  510
173141  510
170949  510
174356  520
179792  520
186376  520
172734  520
184666  520
181833  520
176473  520
185229  520
177954  520
176466  520
181236  530
188644  530
194049  530
183838  530
184214  530
193607  530
179630  530
183063  530
179526  530
186686  530
188913  540
194654  540
186324  540
192448  540
198426  540
190034  540
187405  540
187602  540
195528  540
197942  540
193418  550
208971  550
203604  550
192530  550
193145  550
190551  550
190919  550
197449  550
196285  550
192551  550
203287  560
200294  560
197582  560
212438  560
212659  560
200985  560
209234  560
198138  560
198082  560
208397  560
210850  570
209162  570
209334  570
205900  570
216687  570
219743  570
217506  570
203971  570
205054  570
209673  570
212887  580
213710  580
232331  580
222374  580
220952  580
216614  580
218177  580
213634  580
218414  580
217969  580
225507  590
219384  590
220817  590
220834  590
224265  590
234993  590
241696  590
234810  590
230193  590
229273  590
233837  600
232109  600
238747  600
246641  600
226915  600
239729  600
229061  600
228939  600
228372  600
226823  600
237985  610
234289  610
238837  610
234442  610
235291  610
235958  610
237623  610
238446  610
244500  610
251356  610
263083  620
256625  620
242445  620
242963  620
244504  620
242297  620
256268  620
244672  620
244516  620
243699  620
264094  630
253054  630
250740  630
250251  630
264491  630
251052  630
256950  630
265613  630
251032  630
251211  630
258051  640
264662  640
265215  640
270270  640
275647  640
276989  640
258410  640
260747  640
258814  640
257769  640
265953  650
268365  650
269479  650
266724  650
274403  650
278170  650
282044  650
281028  650
268831  650
268105  650
275133  660
276352  660
276801  660
295878  660
293287  660
300883  660
275101  660
274594  660
274856  660
277220  660
302114  670
300597  670
287032  670
298790  670
282522  670
288030  670
295044  670
306328  670
282911  670
297304  670
299936  680
300720  680
293528  680
291879  680
308106  680
309422  680
312393  680
293185  680
291539  680
309655  680
323398  690
301245  690
307027  690
307198  690
316759  690
302620  690
316848  690
300830  690
300323  690
307849  690
350943  700
349842  700
352116  700
337724  700
346188  700
349495  700
315423  700
321734  700
324269  700
337685  700
346073  710
367021  710
329604  710
337814  710
324920  710
353487  710
379605  710
344716  710
358347  710
362917  710
327141  720
326645  720
331612  720
327490  720
339272  720
330323  720
369650  720
338868  720
337507  720
329879  720
336977  730
336565  730
337092  730
354260  730
336453  730
341668  730
387952  730
358706  730
382842  730
341946  730
375596  740
379543  740
368657  740
350472  740
354596  740
390481  740
365057  740
345669  740
344011  740
351245  740
359103  750
355700  750
375744  750
371921  750
355767  750
354772  750
355814  750
362798  750
354806  750
354561  750
364220  760
364617  760
367000  760
363529  760
414006  760
386205  760
408808  760
377089  760
387777  760
364228  760
403631  770
409182  770
409305  770
408690  770
389197  770
373421  770
396794  770
384442  770
405973  770
379764  770
415738  780
397278  780
386318  780
396965  780
387791  780
420672  780
383135  780
404325  780
385437  780
394930  780
422127  790
395164  790
418872  790
396431  790
420384  790
410074  790
411983  790
420174  790
396380  790
421112  790
412388  800
410942  800
421713  800
406266  800
436281  800
426859  800
418703  800
412027  800
422446  800
403770  800
442853  810
434814  810
418797  810
425490  810
431694  810
423527  810
429960  810
426631  810
424088  810
416251  810
429626  820
438600  820
441212  820
432571  820
430137  820
436753  820
440753  820
428863  820
462034  820
446487  820
440462  830
437277  830
452099  830
460874  830
450859  830
443970  830
461463  830
469753  830
456827  830
453308  830
450866  840
471742  840
488790  840
447098  840
469344  840
461662  840
466186  840
457221  840
446082  840
487475  840
483128  850
475464  850
461094  850
485442  850
476068  850
464845  850
466320  850
466764  850
464276  850
508946  850
507131  860
523249  860
471299  860
466440  860
476660  860
505441  860
502394  860
498412  860
483960  860
474847  860
492825  870
482109  870
506704  870
490368  870
507417  870
505100  870
510261  870
506911  870
498022  870
509210  870
491207  880
522096  880
495976  880
511326  880
491892  880
514942  880
487615  880
488752  880
518217  880
493195  880
506034  890
502092  890
505172  890
538074  890
515018  890
510962  890
541610  890
518897  890
510074  890
510330  890
545672  900
519748  900
525831  900
531270  900
530468  900
522956  900
530632  900
530635  900
523932  900
542989  900
540291  910
540680  910
545916  910
563481  910
537916  910
530667  910
542737  910
540405  910
529880  910
532881  910
555006  920
556529  920
556330  920
570595  920
548793  920
537913  920
542843  920
548722  920
546510  920
550654  920
595988  930
564801  930
548651  930
553381  930
584865  930
579018  930
559777  930
553169  930
573221  930
563346  930
580683  940
566903  940
596193  940
584414  940
584917  940
579541  940
589807  940
584653  940
606361  940
597346  940
585253  950
593544  950
605961  950
578006  950
620858  950
574533  950
595697  950
576506  950
589424  950
597238  950
626989  960
600175  960
596541  960
606603  960
621390  960
601460  960
607664  960
595285  960
592211  960
619554  960
606518  970
627568  970
617497  970
605297  970
621566  970
616540  970
611654  970
598487  970
631833  970
609472  970
640011  980
628017  980
615787  980
622893  980
628281  980
628882  980
640322  980
629962  980
651106  980
652039  980
657776  990
645785  990
663965  990
634437  990
636379  990
636327  990
655063  990
662482  990
639341  990
624496  990
654507  1000
656995  1000
683575  1000
664019  1000
658175  1000
640030  1000
664538  1000
666564  1000
648838  1000
678819  1000
