543  10
10862  10
1107  10
6345  10
1549  10
11312  10
9734  10
4383  10
4272  10
4360  10
3048  20
2876  20
2916  20
5138  20
7296  20
4863  20
7750  20
6467  20
8086  20
2857  20
10103  30
3811  30
5793  30
5904  30
8447  30
14458  30
5941  30
6094  30
10117  30
10283  30
6670  40
14906  40
3290  40
14356  40
8380  40
8050  40
4890  40
13617  40
8339  40
8967  40
19393  50
15865  50
20158  50
14165  50
16980  50
22819  50
13942  50
14312  50
11071  50
12625  50
18140  60
15862  60
11748  60
11594  60
13186  60
14973  60
11018  60
11220  60
11904  60
11812  60
19057  70
21808  70
17982  70
19190  70
20875  70
16804  70
18590  70
12023  70
11741  70
11634  70
18377  80
21486  80
17486  80
16667  80
23301  80
19813  80
19522  80
19828  80
20101  80
18097  80
22522  90
19929  90
27006  90
24716  90
20802  90
27698  90
24880  90
20946  90
20638  90
22814  90
27751  100
27845  100
28748  100
27536  100
25352  100
27560  100
25469  100
29024  100
24715  100
28763  100
29163  110
30962  110
34197  110
28808  110
34106  110
28921  110
32578  110
27739  110
33535  110
26739  110
34128  120
38559  120
34917  120
37851  120
35878  120
35653  120
38674  120
35828  120
39178  120
37534  120
39541  130
39610  130
39629  130
42253  130
39596  130
52015  130
52135  130
39375  130
42023  130
39132  130
47923  140
41522  140
45962  140
45495  140
46433  140
45153  140
45656  140
45795  140
45577  140
79817  140
51620  150
51788  150
50247  150
60461  150
53206  150
52423  150
51324  150
52836  150
54370  150
51636  150
58648  160
59298  160
60549  160
61017  160
58112  160
57733  160
61353  160
60223  160
58028  160
57984  160
64994  170
75844  170
77256  170
65817  170
66800  170
66071  170
66724  170
65791  170
67203  170
65189  170
72752  180
83386  180
80502  180
72286  180
75866  180
82110  180
72830  180
72469  180
71718  180
70360  180
81571  190
77795  190
81950  190
81219  190
79089  190
78991  190
78942  190
81475  190
78152  190
80891  190
89051  200
87022  200
88561  200
95642  200
90246  200
90329  200
89234  200
92979  200
89366  200
87785  200
92713  210
95223  210
93359  210
93790  210
93809  210
95450  210
94422  210
94035  210
94848  210
100090  210
99168  220
99768  220
103294  220
98863  220
96935  220
99291  220
99953  220
101811  220
100044  220
99595  220
104109  230
103582  230
103712  230
103874  230
106743  230
108665  230
104461  230
106067  230
104861  230
102962  230
110648  240
110616  240
110680  240
109968  240
110793  240
112284  240
111202  240
110824  240
110095  240
111032  240
116049  250
117279  250
117625  250
118188  250
116893  250
123208  250
117140  250
116800  250
120019  250
117543  250
124410  260
124352  260
126530  260
123076  260
123459  260
126785  260
126798  260
123185  260
126050  260
398657  260
413586  270
423838  270
131186  270
130720  270
131166  270
130602  270
130348  270
133037  270
130152  270
130614  270
139345  280
139530  280
137724  280
139031  280
134436  280
139236  280
141287  280
133642  280
143496  280
138320  280
150452  290
144605  290
143775  290
144161  290
163091  290
155077  290
173866  290
143198  290
144461  290
176902  290
210677  300
153591  300
159411  300
205861  300
217209  300
204587  300
153270  300
203970  300
161850  300
160644  300
167592  310
173686  310
175661  310
172242  310
171540  310
174927  310
181950  310
156709  310
175087  310
168681  310
179107  320
184736  320
233280  320
176179  320
191211  320
206564  320
169081  320
224752  320
165464  320
167049  320
174458  330
206523  330
175111  330
193244  330
186377  330
175098  330
176435  330
188427  330
186954  330
188299  330
207261  340
180879  340
177399  340
191888  340
191634  340
186047  340
182989  340
179513  340
187021  340
183461  340
204753  350
195303  350
176747  350
191952  350
202406  350
211463  350
190704  350
200580  350
191872  350
193925  350
206461  360
208656  360
206551  360
200225  360
211785  360
193382  360
214072  360
198477  360
200001  360
198714  360
232402  370
208908  370
209299  370
205033  370
209821  370
216129  370
209120  370
213933  370
210351  370
209852  370
215729  380
218798  380
232225  380
220261  380
216951  380
219673  380
228803  380
222170  380
234155  380
217569  380
225039  390
239190  390
233801  390
226512  390
242287  390
229295  390
226714  390
234743  390
229763  390
229184  390
280747  400
246950  400
273576  400
293714  400
292054  400
264420  400
257799  400
291353  400
253319  400
242883  400
275680  410
264630  410
272410  410
298686  410
295303  410
268033  410
288063  410
251614  410
268477  410
295149  410
285228  420
308463  420
284050  420
308319  420
284681  420
317086  420
292759  420
291799  420
353178  420
271399  420
299637  430
294193  430
292973  430
294837  430
267806  430
299789  430
290234  430
331634  430
327316  430
283994  430
287604  440
320362  440
334741  440
308807  440
316948  440
317402  440
291569  440
301026  440
335240  440
331702  440
322706  450
324699  450
312648  450
319109  450
309609  450
335544  450
320382  450
320906  450
327319  450
347383  450
343992  460
342169  460
338253  460
351325  460
337904  460
355949  460
472892  460
341752  460
328370  460
386087  460
337028  470
334688  470
382897  470
352582  470
363248  470
403561  470
383902  470
376628  470
394722  470
361934  470
377851  480
361842  480
367496  480
360723  480
361967  480
359878  480
359533  480
350652  480
383184  480
353431  480
379903  490
362308  490
384156  490
371731  490
377225  490
355827  490
384090  490
358732  490
383322  490
410137  490
393007  500
369632  500
362447  500
386671  500
377119  500
420474  500
392634  500
406265  500
422511  500
384711  500
501350  510
542038  510
491598  510
480493  510
481456  510
1556932  510
358102  510
370931  510
371196  510
375780  510
405068  520
377345  520
377991  520
378906  520
385488  520
384695  520
384605  520
382227  520
378651  520
374461  520
394501  530
392254  530
391371  530
396991  530
401410  530
391201  530
437296  530
550875  530
435828  530
437017  530
465216  540
471324  540
536174  540
486726  540
523225  540
460715  540
454217  540
424786  540
628868  540
463301  540
557412  550
466987  550
425668  550
435390  550
425551  550
430454  550
420887  550
423092  550
545803  550
427794  550
433227  560
441433  560
439506  560
441499  560
434878  560
447526  560
432056  560
440715  560
446450  560
436136  560
459473  570
447817  570
455874  570
456138  570
453704  570
455907  570
452540  570
447615  570
459584  570
454614  570
468718  580
473500  580
468612  580
465927  580
475427  580
466379  580
465019  580
464196  580
464128  580
467206  580
513701  590
482316  590
478915  590
629810  590
529750  590
760818  590
654438  590
557026  590
656156  590
726416  590
533333  600
496694  600
501375  600
504491  600
502757  600
518053  600
503024  600
502948  600
524280  600
515853  600
531552  610
521233  610
518384  610
528644  610
525019  610
513169  610
532795  610
520578  610
532861  610
525463  610
536142  620
536629  620
668685  620
605630  620
606739  620
601347  620
616047  620
552350  620
541852  620
536354  620
561989  630
555613  630
556374  630
549856  630
574483  630
566759  630
555386  630
554930  630
551952  630
550321  630
577036  640
571238  640
572576  640
570638  640
569814  640
583293  640
589349  640
617528  640
572803  640
582287  640
616928  650
613442  650
592591  650
628392  650
602055  650
589901  650
600503  650
611498  650
594345  650
608129  650
616480  660
617381  660
617284  660
632507  660
617514  660
611406  660
622312  660
621012  660
674518  660
688826  660
663250  670
661928  670
727744  670
868596  670
677926  670
699905  670
784271  670
689734  670
673216  670
677436  670
729511  680
732610  680
711898  680
737336  680
749552  680
707191  680
674652  680
680351  680
678500  680
701240  680
724374  690
724491  690
801867  690
701085  690
705390  690
843833  690
739168  690
697347  690
768804  690
715543  690
739076  700
732903  700
748848  700
734225  700
741605  700
765579  700
747072  700
727215  700
732168  700
733287  700
742971  710
770988  710
778437  710
868175  710
830160  710
914723  710
850204  710
755960  710
755135  710
757126  710
775978  720
768038  720
865954  720
776358  720
806002  720
784596  720
830403  720
760681  720
861152  720
766027  720
788530  730
812520  730
923703  730
826287  730
936912  730
820916  730
832701  730
808198  730
834581  730
851358  730
825405  740
823344  740
854872  740
842182  740
827075  740
803372  740
846215  740
832769  740
832732  740
854375  740
850465  750
825888  750
852242  750
911302  750
866696  750
955362  750
839996  750
1019249  750
817259  750
785816  750
799547  760
822582  760
910676  760
827517  760
914415  760
921670  760
881495  760
940840  760
836755  760
917315  760
996550  770
1061215  770
960915  770
927935  770
992521  770
934501  770
944659  770
904184  770
919967  770
907984  770
930314  780
960185  780
1003974  780
928440  780
917665  780
937455  780
897911  780
1024083  780
977191  780
950016  780
968762  790
977068  790
983932  790
1079959  790
1103402  790
972916  790
956198  790
968193  790
949412  790
966223  790
1042520  800
966143  800
1078935  800
1124105  800
1188785  800
1068992  800
1167814  800
1035438  800
891795  800
988831  800
1039323  810
969626  810
986810  810
989371  810
986385  810
1056368  810
1055864  810
1037553  810
1025357  810
1062749  810
1134553  820
1051779  820
1171638  820
1160264  820
991075  820
1074337  820
1094892  820
1072969  820
1067003  820
1039667  820
1088501  830
1087879  830
1087051  830
1094866  830
1098737  830
1087378  830
1109064  830
1183882  830
1113764  830
1032710  830
1130797  840
1172847  840
1177562  840
1157685  840
1094040  840
1129878  840
1246025  840
1075272  840
1026377  840
1023123  840
1015798  850
1059236  850
1071402  850
1009044  850
1032746  850
1060418  850
1046121  850
1096131  850
1113870  850
1097349  850
1182159  860
1247893  860
1091062  860
1149206  860
1124820  860
1121772  860
1124427  860
1097765  860
1077482  860
1139056  860
1145914  870
1173808  870
1120194  870
1511297  870
1364207  870
1189909  870
1081837  870
1059868  870
1124786  870
1129834  870
1117424  880
1123820  880
1138306  880
1128062  880
1116928  880
1218038  880
1194177  880
1138305  880
1082470  880
1080443  880
1172536  890
1157218  890
1104089  890
1158942  890
1145288  890
1142835  890
1137373  890
1136621  890
1154281  890
1128517  890
1178273  900
1134722  900
1146393  900
1162657  900
1146958  900
1196718  900
1187564  900
1221002  900
1369713  900
1239520  900
1320669  910
1266498  910
1248646  910
1299263  910
1271239  910
1244758  910
1181880  910
1195795  910
1192810  910
1227810  910
1228465  920
1214525  920
1274110  920
1308782  920
1216506  920
1270864  920
1218888  920
1376213  920
1207677  920
1288861  920
1288888  930
1347886  930
1240091  930
1371406  930
1312955  930
1241972  930
1312337  930
1230831  930
1392108  930
1345573  930
1448359  940
1249581  940
1316498  940
1242286  940
1236951  940
1263900  940
1226366  940
1255115  940
1280353  940
1457834  940
1573606  950
1486534  950
1486660  950
1547526  950
1411806  950
1821398  950
1546646  950
1646508  950
1492131  950
1264886  950
1333311  960
1286673  960
1666065  960
1303009  960
1289370  960
1291719  960
1285940  960
1282892  960
1300729  960
1303393  960
1307850  970
1322907  970
1312713  970
1393564  970
1417207  970
1391361  970
1432901  970
1401145  970
1365459  970
1359070  970
1367251  980
1370996  980
1370312  980
1504351  980
1465880  980
1375861  980
1369801  980
1448572  980
1387320  980
1409873  980
1459374  990
1386342  990
1378318  990
1457045  990
1385901  990
1418961  990
1405014  990
1386373  990
1401991  990
1400391  990
1422192  1000
1437235  1000
1417860  1000
1994525  1000
1592589  1000
1773341  1000
1410978  1000
1522169  1000
1964778  1000
1823498  1000
