2303  10
4236  10
10601  10
8922  10
834  10
8600  10
8293  10
9739  10
3121  10
4223  10
6168  20
5052  20
11007  20
13692  20
4843  20
8921  20
4829  20
3017  20
11176  20
3524  20
10145  30
7888  30
5943  30
6257  30
6508  30
9443  30
4025  30
9638  30
6029  30
12112  30
6183  40
12061  40
7708  40
11796  40
15568  40
6952  40
12070  40
7930  40
10444  40
7689  40
10561  50
15313  50
7971  50
10512  50
7756  50
13863  50
12548  50
9866  50
10144  50
11107  50
13265  60
13024  60
14246  60
13400  60
13126  60
10139  60
15865  60
16930  60
14154  60
16717  60
22704  70
19380  70
16501  70
15943  70
17644  70
30798  70
20275  70
23506  70
17065  70
16601  70
22957  80
20719  80
25105  80
23487  80
21041  80
20431  80
23854  80
26085  80
23252  80
20832  80
24949  90
28572  90
26072  90
26358  90
27702  90
25290  90
25142  90
25911  90
25591  90
26961  90
34284  100
31076  100
36277  100
30862  100
34739  100
30441  100
32226  100
30438  100
34336  100
31701  100
41784  110
39393  110
41201  110
45890  110
56238  110
52033  110
51694  110
53269  110
45616  110
45399  110
47225  120
50847  120
90539  120
77596  120
69498  120
44978  120
44811  120
44366  120
60601  120
43499  120
51044  130
51367  130
50667  130
52275  130
50396  130
53701  130
53324  130
68965  130
52101  130
53849  130
62146  140
59714  140
65945  140
57551  140
59640  140
58031  140
67583  140
67423  140
66967  140
74863  140
67535  150
68524  150
67131  150
65932  150
79183  150
80669  150
74652  150
67571  150
70425  150
66406  150
74240  160
80405  160
73276  160
74166  160
79930  160
78571  160
75851  160
76501  160
76694  160
75238  160
88048  170
87428  170
89914  170
86602  170
84699  170
98310  170
96464  170
129857  170
90360  170
87567  170
97192  180
99854  180
100532  180
100006  180
101277  180
112388  180
104815  180
101430  180
106093  180
97567  180
101414  190
100077  190
104242  190
102103  190
101546  190
103895  190
100024  190
104258  190
100268  190
102218  190
112210  200
107697  200
106557  200
111683  200
106920  200
112155  200
107316  200
106700  200
107247  200
109384  200
120962  210
113958  210
113647  210
116507  210
116104  210
114363  210
112722  210
111620  210
112181  210
111906  210
120155  220
120433  220
120509  220
119958  220
120531  220
119296  220
120261  220
120184  220
121448  220
122627  220
129257  230
128960  230
130781  230
132214  230
128025  230
129893  230
129109  230
128486  230
127901  230
130976  230
137800  240
139472  240
137637  240
137053  240
136550  240
139621  240
143718  240
135716  240
138767  240
138045  240
161311  250
145048  250
178086  250
161274  250
167061  250
176006  250
170070  250
187173  250
150552  250
145133  250
163771  260
153941  260
155749  260
153903  260
155050  260
154764  260
177614  260
150756  260
156676  260
155625  260
163019  270
169624  270
165525  270
166925  270
171043  270
162557  270
166531  270
163349  270
161657  270
167341  270
179009  280
172144  280
164521  280
172178  280
171659  280
171614  280
177297  280
162663  280
177538  280
169847  280
180788  290
178436  290
177800  290
179066  290
181711  290
188019  290
181941  290
185371  290
181072  290
249249  290
235946  300
274891  300
252989  300
224849  300
210103  300
188386  300
196158  300
191731  300
210933  300
190584  300
218803  310
212997  310
208853  310
200484  310
200672  310
189916  310
200884  310
201198  310
215913  310
209222  310
210621  320
214162  320
211358  320
211416  320
224200  320
218639  320
208747  320
209139  320
217360  320
210069  320
224755  330
221921  330
230172  330
222349  330
226835  330
235136  330
218353  330
223622  330
229980  330
242479  330
233102  340
244247  340
256996  340
229529  340
240169  340
247678  340
230288  340
247707  340
235725  340
238346  340
259804  350
255560  350
256751  350
277714  350
247660  350
244535  350
248816  350
245964  350
243490  350
244387  350
274246  360
260717  360
286869  360
260572  360
275603  360
286542  360
283460  360
276686  360
266776  360
270529  360
290071  370
290297  370
287924  370
296282  370
297310  370
292373  370
285832  370
271467  370
278284  370
428416  370
320341  380
316862  380
366254  380
376927  380
436573  380
352947  380
312588  380
319893  380
309806  380
357186  380
333938  390
307629  390
327195  390
308245  390
320009  390
323900  390
309064  390
327256  390
290887  390
375837  390
386148  400
337555  400
342426  400
315815  400
308002  400
306405  400
307317  400
307453  400
375606  400
394755  400
354475  410
361876  410
339814  410
389808  410
365025  410
356174  410
388713  410
360906  410
331931  410
326699  410
364411  420
394072  420
335181  420
353374  420
486457  420
506135  420
436804  420
429446  420
367024  420
445763  420
365690  430
344888  430
493852  430
493157  430
529254  430
408090  430
488790  430
440774  430
387219  430
349443  430
368609  440
462638  440
398522  440
372490  440
370637  440
371613  440
364660  440
370276  440
366508  440
369858  440
380860  450
385075  450
379127  450
393890  450
385329  450
383644  450
381382  450
380233  450
379224  450
381132  450
392828  460
402768  460
401702  460
400606  460
397767  460
394860  460
399785  460
403368  460
392295  460
443322  460
437519  470
424886  470
435802  470
411191  470
417080  470
443127  470
417888  470
459041  470
433618  470
434234  470
558665  480
449834  480
489923  480
467007  480
455044  480
449183  480
432614  480
433460  480
424418  480
442381  480
478295  490
492156  490
464519  490
509844  490
474362  490
470481  490
443542  490
497679  490
492162  490
531178  490
517517  500
611907  500
613083  500
524475  500
553548  500
641049  500
560607  500
571727  500
586071  500
763824  500
511012  510
497913  510
487033  510
482476  510
486174  510
500474  510
480404  510
495746  510
484251  510
485931  510
501603  520
507371  520
499199  520
502115  520
502410  520
504654  520
497915  520
506887  520
502855  520
506929  520
521723  530
534546  530
518786  530
517005  530
529219  530
517187  530
527407  530
525382  530
530043  530
519038  530
541095  540
540741  540
537158  540
538606  540
556132  540
538590  540
548218  540
537325  540
534378  540
544807  540
568704  550
558881  550
565176  550
559830  550
555790  550
553337  550
573499  550
560707  550
561045  550
558950  550
577922  560
597869  560
572547  560
585739  560
582156  560
575383  560
579142  560
579684  560
586315  560
576023  560
601200  570
598781  570
596497  570
599227  570
596628  570
605150  570
659008  570
673038  570
652714  570
635490  570
683042  580
665202  580
677308  580
695705  580
700871  580
670527  580
681055  580
658894  580
641138  580
656359  580
696043  590
696257  590
695132  590
725229  590
681455  590
655676  590
649159  590
659365  590
655998  590
659187  590
686221  600
674545  600
670189  600
668250  600
681316  600
668914  600
672377  600
708560  600
675892  600
672969  600
713040  610
724463  610
702718  610
699244  610
701291  610
714840  610
731800  610
694412  610
718232  610
706764  610
721670  620
720085  620
729753  620
737302  620
730427  620
740192  620
713648  620
722695  620
752545  620
745646  620
754388  630
761562  630
752854  630
749014  630
746644  630
743628  630
747910  630
731346  630
763407  630
749002  630
775970  640
781701  640
776333  640
769896  640
761076  640
768625  640
762910  640
776357  640
761231  640
771869  640
845556  650
801186  650
791006  650
812130  650
793695  650
805552  650
790042  650
816302  650
792844  650
852455  650
845088  660
817781  660
832373  660
824237  660
843369  660
819347  660
812889  660
813076  660
826311  660
839998  660
872091  670
871174  670
855629  670
866716  670
856849  670
853964  670
878827  670
858010  670
878155  670
852409  670
898221  680
881920  680
888880  680
872616  680
896565  680
1036948  680
950501  680
932760  680
882301  680
1018616  680
924425  690
1037589  690
947866  690
1039062  690
917823  690
930028  690
887842  690
882854  690
884824  690
886008  690
956857  700
918612  700
956781  700
940696  700
921708  700
942088  700
930167  700
945177  700
966426  700
966465  700
967484  710
964230  710
975591  710
935804  710
967707  710
967216  710
954515  710
963680  710
993658  710
961221  710
972906  720
989600  720
998240  720
989523  720
975415  720
1002655  720
1052392  720
1012889  720
976855  720
1020527  720
1043341  730
1026162  730
1047998  730
1057932  730
1032955  730
1017205  730
1016539  730
1010058  730
1008182  730
1017263  730
1033454  740
1047225  740
1060237  740
1130594  740
1086862  740
1143882  740
1016745  740
1098081  740
1045141  740
1075907  740
1233097  750
1117613  750
1095620  750
1282524  750
1060645  750
1216530  750
1403654  750
1550230  750
1261037  750
1549074  750
1406756  760
1266079  760
1185925  760
1241748  760
1148379  760
1170825  760
1178720  760
1275252  760
1181865  760
1098404  760
1331750  770
1120556  770
1350207  770
1093680  770
1233166  770
1255175  770
1181667  770
1261814  770
1214004  770
1415234  770
1377343  780
1155203  780
1180154  780
1233269  780
1135388  780
1215205  780
1313859  780
1260326  780
1196807  780
1154355  780
1254960  790
1172153  790
1204936  790
1239657  790
1189218  790
1234550  790
1184367  790
1202849  790
1203880  790
1192488  790
1190905  800
1257538  800
1227257  800
1213798  800
1242623  800
1316544  800
1260811  800
1246971  800
1231609  800
1232007  800
1271446  810
1377685  810
1288189  810
1357640  810
1292323  810
1406744  810
1303848  810
1377380  810
1239804  810
1295397  810
1251090  820
1266979  820
1241900  820
1251597  820
1237338  820
1244650  820
1261264  820
1243870  820
1249752  820
1281516  820
1351041  830
1293316  830
1322238  830
1315862  830
1340834  830
1297110  830
1328473  830
1332120  830
1326366  830
1305235  830
1340770  840
1357087  840
1351854  840
1325457  840
1344281  840
1361358  840
1364843  840
1368371  840
1335318  840
1390886  840
1468587  850
1425072  850
1455228  850
1478607  850
1607696  850
1387726  850
1468865  850
1478347  850
1358417  850
1359370  850
1413784  860
1407128  860
1381328  860
1373044  860
1411405  860
1411453  860
1409989  860
1397489  860
1483731  860
1379424  860
1462902  870
1489688  870
1504750  870
1459536  870
1428429  870
1485075  870
1470604  870
1441656  870
1590577  870
1583520  870
1525396  880
1614767  880
1664734  880
1516644  880
1494520  880
1442768  880
1433490  880
1451228  880
1504194  880
1478187  880
1506084  890
1529426  890
1539884  890
1509578  890
1558216  890
1524205  890
1498300  890
1505021  890
1540850  890
1494626  890
1555353  900
1571782  900
1688364  900
1611237  900
1648850  900
1584209  900
1543367  900
1549930  900
1562246  900
1524868  900
1595355  910
1597177  910
1582874  910
1571661  910
1595034  910
1597216  910
1635698  910
1575858  910
1596929  910
1546005  910
1643050  920
1636658  920
1614718  920
1658703  920
1640736  920
1626227  920
1631755  920
1643706  920
1684753  920
1829920  920
1894245  930
1664295  930
1745586  930
2263854  930
2116198  930
1859103  930
1937828  930
2165883  930
2316719  930
1741576  930
1928676  940
1796913  940
1812878  940
1862014  940
1713133  940
2017992  940
1747079  940
1804187  940
1815249  940
1799121  940
1751041  950
1672686  950
2174104  950
2103835  950
1862760  950
2091889  950
2167522  950
1937543  950
1958532  950
1946470  950
1888031  960
1872691  960
1927510  960
1959838  960
1860921  960
1833981  960
1854466  960
1866354  960
1858655  960
1878423  960
1834045  970
1872036  970
1907374  970
1875281  970
1904044  970
1855515  970
1882066  970
1918098  970
1904668  970
1886020  970
1956131  980
1920664  980
1874651  980
1967898  980
1911860  980
1916398  980
1947196  980
1958448  980
1917766  980
1892917  980
1980045  990
1956232  990
1977625  990
1979637  990
1988174  990
1960059  990
1949622  990
1970900  990
1950875  990
1956431  990
2068816  1000
1968183  1000
2012690  1000
1988613  1000
2204146  1000
1941236  1000
2640443  1000
2471567  1000
1993782  1000
2011650  1000
