78  10
79  10
86  10
81  10
87  10
84  10
84  10
80  10
75  10
78  10
1577  20
1287  20
2732  20
1454  20
939  20
1127  20
3627  20
1921  20
2290  20
789  20
2813  30
1868  30
2717  30
3429  30
2175  30
2782  30
5780  30
3573  30
2799  30
1903  30
3549  40
3616  40
3688  40
3477  40
2819  40
3839  40
7383  40
3687  40
3624  40
3582  40
9865  50
5936  50
10009  50
5971  50
11914  50
5957  50
10050  50
5944  50
10084  50
5957  50
13150  60
8746  60
8729  60
13609  60
8636  60
9351  60
8615  60
8649  60
10793  60
8636  60
14513  70
13879  70
19588  70
15395  70
14248  70
12167  70
13683  70
13190  70
16905  70
12169  70
16400  80
16486  80
17378  80
17910  80
20534  80
20492  80
20838  80
19640  80
24385  80
26857  80
25991  90
23591  90
23233  90
21953  90
21670  90
21889  90
21361  90
23064  90
31356  90
26261  90
29039  100
27241  100
29722  100
27434  100
29473  100
27313  100
29771  100
27781  100
28990  100
28040  100
34587  110
32850  110
33703  110
32867  110
34668  110
32827  110
34620  110
32840  110
34542  110
32788  110
40052  120
40263  120
40293  120
40172  120
40345  120
40312  120
40596  120
40635  120
40704  120
40231  120
47931  130
48247  130
47861  130
48116  130
48064  130
48795  130
64461  130
49038  130
48122  130
47066  130
55450  140
55317  140
55404  140
55484  140
55350  140
55358  140
55419  140
71028  140
55964  140
55589  140
64092  150
64271  150
63849  150
63911  150
63920  150
63643  150
64097  150
63986  150
63733  150
63788  150
73651  160
73185  160
73089  160
73199  160
73181  160
73168  160
73009  160
73219  160
73073  160
73091  160
82783  170
82788  170
82836  170
82705  170
82988  170
82835  170
82703  170
83307  170
83006  170
82580  170
96986  180
92926  180
93640  180
97361  180
97064  180
93504  180
99327  180
93164  180
92313  180
92392  180
103125  190
102941  190
103026  190
102748  190
104262  190
105277  190
102562  190
102593  190
102712  190
102671  190
109356  200
109735  200
110381  200
110397  200
110288  200
111466  200
110234  200
110156  200
109760  200
110390  200
117477  210
117550  210
116802  210
117203  210
116994  210
117269  210
117316  210
117205  210
117626  210
117332  210
125051  220
126940  220
127052  220
127286  220
124627  220
124573  220
124595  220
124757  220
124728  220
125189  220
133641  230
133404  230
133540  230
133651  230
134258  230
133641  230
133446  230
133719  230
135358  230
133677  230
143899  240
143762  240
142263  240
142452  240
143374  240
143552  240
145671  240
142143  240
142628  240
143127  240
151188  250
151770  250
151860  250
153561  250
153918  250
140920  250
151945  250
151229  250
151169  250
151150  250
160545  260
160139  260
160147  260
159899  260
160430  260
160216  260
160356  260
160174  260
159795  260
161135  260
169436  270
169539  270
170955  270
170044  270
168947  270
165459  270
150507  270
170184  270
169606  270
169626  270
179181  280
180276  280
179483  280
180122  280
169625  280
179536  280
179091  280
178939  280
179271  280
179229  280
188982  290
189213  290
189900  290
190168  290
189537  290
190336  290
190597  290
188714  290
189429  290
183337  290
204579  300
200396  300
204102  300
201429  300
197544  300
180937  300
199793  300
199905  300
199679  300
198990  300
210371  310
210618  310
212686  310
210873  310
211576  310
213322  310
212682  310
210287  310
210237  310
210588  310
224189  320
222456  320
229930  320
220591  320
228886  320
223316  320
228780  320
223303  320
211159  320
211629  320
232585  330
233251  330
223814  330
240468  330
241949  330
216603  330
234233  330
225949  330
232745  330
232950  330
245152  340
231601  340
253832  340
247100  340
248785  340
249306  340
245294  340
244073  340
245136  340
254563  340
265773  350
263894  350
258347  350
251974  350
263031  350
254556  350
257386  350
251749  350
253308  350
259073  350
270747  360
270317  360
271033  360
270594  360
272567  360
272844  360
274604  360
271513  360
268043  360
271754  360
286035  370
268194  370
285711  370
282497  370
274672  370
282639  370
287475  370
296360  370
286577  370
291926  370
291566  380
287833  380
298705  380
295257  380
298533  380
297627  380
289515  380
294563  380
299170  380
298208  380
309628  390
305722  390
303911  390
306938  390
312348  390
310366  390
312209  390
304163  390
313152  390
302501  390
311244  400
313236  400
326154  400
325050  400
324342  400
325052  400
325482  400
326490  400
333661  400
325023  400
342695  410
341464  410
345823  410
341300  410
345787  410
345626  410
342237  410
343217  410
329216  410
345079  410
354997  420
359988  420
353048  420
353137  420
353126  420
358329  420
342842  420
361063  420
355939  420
352106  420
370748  430
379053  430
366986  430
367822  430
371934  430
367554  430
371814  430
371982  430
361736  430
370770  430
392781  440
389079  440
389284  440
421455  440
390686  440
390863  440
387796  440
388876  440
389073  440
385869  440
408998  450
408071  450
404006  450
399332  450
409211  450
430763  450
399156  450
404287  450
405420  450
420534  450
421964  460
421253  460
425311  460
428084  460
441850  460
417483  460
426946  460
422965  460
423712  460
426276  460
440688  470
441353  470
441847  470
453302  470
443542  470
433997  470
440994  470
455763  470
468871  470
442816  470
457762  480
459064  480
456901  480
458390  480
452490  480
453871  480
463180  480
457569  480
475803  480
473267  480
476834  490
466411  490
467407  490
477029  490
477234  490
482361  490
469893  490
474624  490
476577  490
476797  490
485785  500
492806  500
506790  500
493899  500
492409  500
493286  500
507831  500
494031  500
503265  500
496206  500
505271  510
551320  510
517287  510
516148  510
515778  510
511590  510
512693  510
514644  510
519231  510
511905  510
528665  520
534337  520
528596  520
531402  520
526780  520
529546  520
531307  520
534121  520
526170  520
536174  520
552471  530
571010  530
567389  530
557486  530
547270  530
555931  530
575158  530
554543  530
546613  530
560597  530
570350  540
573649  540
579446  540
574007  540
585949  540
576489  540
570010  540
569745  540
575521  540
578562  540
590350  550
591063  550
594741  550
592684  550
594967  550
590644  550
590049  550
587087  550
594584  550
597001  550
611744  560
613927  560
614971  560
614603  560
613008  560
611947  560
611655  560
614825  560
612160  560
611161  560
633364  570
633907  570
635991  570
633382  570
632247  570
633971  570
637389  570
641739  570
631341  570
670086  570
662879  580
676138  580
658653  580
653179  580
660743  580
672512  580
661118  580
654472  580
657120  580
659293  580
704629  590
677312  590
684141  590
685258  590
680285  590
682367  590
698018  590
679823  590
677943  590
686542  590
714440  600
702170  600
720568  600
700065  600
706710  600
702845  600
701205  600
700080  600
722934  600
700363  600
729060  610
729825  610
725338  610
729949  610
729059  610
727997  610
726805  610
725690  610
726423  610
728237  610
750574  620
747636  620
752993  620
749131  620
753233  620
783192  620
749855  620
752487  620
751769  620
749966  620
772696  630
775772  630
779783  630
779734  630
795578  630
806267  630
776157  630
777875  630
778585  630
775652  630
807194  640
805512  640
802823  640
805671  640
821756  640
808354  640
815696  640
798259  640
803560  640
803940  640
826004  650
826559  650
826810  650
831285  650
858504  650
831882  650
830042  650
824141  650
828453  650
824755  650
854225  660
859357  660
850175  660
852833  660
848972  660
852718  660
850969  660
855858  660
853377  660
893106  660
882701  670
875188  670
924767  670
872940  670
882093  670
876501  670
876013  670
880750  670
874521  670
892735  670
907828  680
906175  680
924834  680
915122  680
904032  680
902671  680
902506  680
908636  680
899020  680
897910  680
922809  690
927201  690
933502  690
930755  690
927979  690
924563  690
933677  690
927575  690
927475  690
928880  690
949114  700
968890  700
955074  700
959265  700
948594  700
978986  700
970754  700
952803  700
950792  700
968927  700
976945  710
986499  710
1006170  710
993662  710
978482  710
978335  710
976498  710
976693  710
983287  710
983309  710
1021777  720
1013656  720
1011595  720
1009600  720
1003894  720
1010704  720
1028744  720
1009701  720
1007438  720
1015152  720
1032232  730
1039677  730
1034600  730
1082382  730
1032527  730
1029171  730
1034581  730
1029701  730
1030083  730
1037873  730
1061040  740
1111498  740
1066888  740
1057969  740
1061946  740
1066505  740
1065385  740
1063586  740
1063483  740
1060040  740
1086080  750
1089608  750
1089200  750
1091427  750
1087309  750
1100996  750
1099107  750
1093935  750
1087618  750
1113791  750
1113825  760
1123005  760
1120990  760
1128903  760
1117126  760
1119729  760
1126720  760
1116617  760
1124480  760
1150752  760
1142093  770
1157437  770
1144230  770
1155260  770
1143925  770
1140836  770
1154827  770
1144468  770
1143730  770
1153978  770
1174018  780
1181047  780
1176249  780
1172690  780
1192796  780
1170459  780
1216747  780
1171960  780
1171108  780
1183539  780
1206246  790
1205168  790
1201844  790
1219968  790
1247416  790
1203238  790
1216356  790
1202681  790
1221055  790
1210364  790
1254051  800
1237194  800
1243161  800
1235981  800
1241022  800
1237822  800
1230793  800
1234033  800
1234025  800
1234457  800
1263990  810
1263833  810
1337634  810
1265229  810
1261786  810
1284027  810
1404530  810
1314417  810
1319679  810
1334816  810
1332062  820
1334797  820
1335930  820
1319774  820
1354021  820
1351257  820
1356841  820
1345074  820
1327402  820
1341491  820
1378239  830
1365191  830
1366623  830
1385531  830
1357922  830
1379653  830
1358879  830
1372175  830
1381653  830
1382285  830
1411087  840
1417505  840
1416394  840
1392794  840
1427775  840
1408807  840
1422523  840
1402812  840
1409703  840
1394626  840
1445970  850
1408245  850
1414116  850
1436383  850
1422347  850
1426701  850
1441586  850
1407263  850
1443329  850
1429201  850
1460952  860
1461552  860
1480078  860
1470866  860
1511488  860
1490409  860
1480258  860
1458886  860
1467592  860
1480753  860
1520285  870
1518894  870
1480518  870
1487881  870
1539457  870
1516570  870
1501814  870
1515436  870
1494943  870
1513634  870
1526386  880
1538457  880
1538994  880
1541482  880
1542631  880
1540706  880
1575492  880
1523078  880
1571250  880
1597911  880
1571494  890
1586041  890
1577778  890
1569238  890
1569400  890
1602792  890
1603837  890
1574343  890
1582667  890
1608297  890
1594920  900
1591329  900
1596071  900
1647283  900
1570228  900
1602841  900
1630749  900
1593398  900
1645035  900
1619104  900
1634992  910
1678787  910
1669989  910
1671533  910
1670750  910
1639010  910
1694473  910
1647516  910
1630189  910
1722684  910
1827048  920
1785052  920
1621549  920
1623845  920
1627662  920
1616578  920
1624780  920
1629084  920
1618188  920
1624452  920
1695842  930
1658516  930
1669937  930
1659643  930
1711129  930
1652809  930
1667195  930
1670826  930
1680345  930
1654687  930
1690200  940
1697229  940
1713725  940
1694801  940
1716623  940
1688691  940
1683534  940
1688057  940
1701143  940
1700024  940
1727732  950
1721915  950
1737076  950
1727452  950
1758760  950
1732311  950
1727972  950
1723425  950
1720312  950
1731491  950
1775197  960
1828723  960
1767104  960
1756851  960
1776247  960
1767438  960
1771301  960
1760042  960
1761983  960
1782143  960
1795640  970
1811455  970
1810781  970
1800677  970
1791582  970
1796681  970
1791406  970
1802027  970
1811662  970
1886530  970
1852741  980
1848147  980
1836517  980
1843604  980
1830810  980
1838563  980
1838686  980
1835030  980
1837376  980
1852862  980
1892419  990
1880785  990
1878533  990
1883401  990
1870612  990
1888573  990
1870943  990
1885320  990
1909623  990
1870520  990
1920604  1000
1925834  1000
1921906  1000
1924784  1000
1948812  1000
1920578  1000
1934029  1000
1913175  1000
1907076  1000
1913951  1000
