77  10
77  10
81  10
83  10
83  10
83  10
82  10
84  10
83  10
83  10
832  20
830  20
832  20
825  20
837  20
829  20
834  20
592  20
900  20
834  20
2382  30
2383  30
2587  30
2295  30
2205  30
2245  30
2290  30
2238  30
2237  30
2335  30
4483  40
4419  40
4491  40
4258  40
6689  40
4308  40
4207  40
4329  40
4441  40
4713  40
7226  50
7444  50
5448  50
7187  50
7645  50
8488  50
7670  50
8167  50
7711  50
9763  50
11472  60
11752  60
12143  60
13217  60
10569  60
10568  60
10487  60
10484  60
12475  60
10748  60
14649  70
14624  70
14842  70
15895  70
15361  70
14915  70
14658  70
14780  70
14792  70
15416  70
20055  80
20472  80
19945  80
20050  80
27732  80
19815  80
20336  80
19919  80
19993  80
20010  80
26345  90
26053  90
25333  90
29251  90
25738  90
27297  90
27171  90
26481  90
25911  90
26541  90
34187  100
32644  100
32919  100
33772  100
33759  100
35904  100
32806  100
35636  100
32212  100
32709  100
40169  110
41741  110
42732  110
40553  110
40963  110
40262  110
40211  110
39991  110
44581  110
39887  110
47282  120
47263  120
47790  120
51268  120
47995  120
48010  120
47885  120
51276  120
51281  120
47423  120
56059  130
55978  130
55965  130
55927  130
55817  130
55775  130
55911  130
55972  130
55874  130
59483  130
65181  140
66604  140
65309  140
69377  140
65573  140
65385  140
65688  140
65346  140
65060  140
65516  140
75495  150
75886  150
75353  150
75504  150
75574  150
75554  150
75894  150
79824  150
75842  150
75253  150
86808  160
86885  160
86676  160
86852  160
86438  160
86596  160
85839  160
86731  160
88487  160
85754  160
96735  170
96328  170
97314  170
96743  170
96324  170
96492  170
96054  170
96783  170
96215  170
95995  170
103075  180
106952  180
103030  180
105467  180
103459  180
104083  180
104338  180
103839  180
104743  180
103829  180
112903  190
111050  190
112488  190
112019  190
110906  190
111062  190
112405  190
112276  190
112417  190
111206  190
120938  200
119666  200
119507  200
120598  200
121467  200
120812  200
119057  200
119204  200
119098  200
118930  200
128427  210
127578  210
128017  210
129589  210
127656  210
128760  210
127555  210
128549  210
127416  210
127587  210
136842  220
137145  220
136791  220
136328  220
135906  220
135885  220
137016  220
138053  220
128621  220
143300  220
146617  230
146660  230
148862  230
150433  230
146803  230
148251  230
147517  230
146476  230
170484  230
148348  230
157581  240
162281  240
158284  240
160974  240
157737  240
160513  240
161209  240
157353  240
160019  240
162140  240
168140  250
166857  250
166859  250
166310  250
167962  250
169658  250
168476  250
167042  250
167795  250
167483  250
182831  260
181646  260
179455  260
178797  260
174997  260
176993  260
177530  260
177854  260
176930  260
177629  260
187968  270
187797  270
195072  270
187971  270
188898  270
188287  270
188304  270
192502  270
180822  270
188259  270
202783  280
198734  280
206295  280
193761  280
200424  280
200234  280
200190  280
199653  280
199974  280
203141  280
210852  290
214817  290
209032  290
205708  290
215254  290
211249  290
209792  290
211575  290
209198  290
214481  290
222174  300
222758  300
222900  300
223075  300
227348  300
223355  300
223783  300
225086  300
224344  300
225979  300
235331  310
237149  310
236936  310
240317  310
236010  310
235752  310
236039  310
237329  310
233596  310
238355  310
249491  320
243778  320
245964  320
256733  320
269252  320
248009  320
249262  320
249034  320
250461  320
249312  320
260526  330
269270  330
255700  330
264652  330
258317  330
263949  330
260218  330
263110  330
264912  330
263031  330
283266  340
277205  340
278663  340
276189  340
275309  340
277231  340
278897  340
277341  340
276898  340
280711  340
286989  350
290887  350
291439  350
292601  350
284448  350
289538  350
289781  350
290373  350
297069  350
288286  350
296666  360
304394  360
306385  360
303603  360
303578  360
306352  360
314103  360
311212  360
301074  360
303141  360
331509  370
319393  370
329689  370
316766  370
321496  370
318350  370
319154  370
325177  370
316898  370
334698  370
333149  380
335268  380
334654  380
335142  380
333393  380
337186  380
333947  380
336846  380
335983  380
333392  380
365426  390
343163  390
351509  390
352373  390
351047  390
357637  390
355509  390
349508  390
352394  390
350211  390
369382  400
370744  400
368104  400
370882  400
369386  400
369260  400
367626  400
373118  400
368172  400
371664  400
389300  410
460171  410
385203  410
390509  410
415937  410
387803  410
403719  410
383961  410
385371  410
384738  410
408426  420
415300  420
400022  420
410375  420
401459  420
408937  420
411931  420
401587  420
400351  420
411455  420
433950  430
436435  430
424222  430
421102  430
425040  430
422121  430
430813  430
424437  430
427656  430
420957  430
441249  440
441359  440
438508  440
438891  440
440922  440
438305  440
438091  440
442560  440
449949  440
449366  440
454236  450
459992  450
469584  450
464074  450
459322  450
468009  450
456829  450
459888  450
477642  450
458250  450
481656  460
477671  460
475389  460
481019  460
477906  460
476002  460
482099  460
486506  460
477935  460
479633  460
496069  470
502983  470
495826  470
496580  470
506939  470
516788  470
496429  470
509055  470
504397  470
497446  470
522653  480
524359  480
515139  480
518460  480
524744  480
519583  480
512840  480
521191  480
519373  480
525448  480
543897  490
538107  490
540853  490
544793  490
534167  490
536352  490
547558  490
548040  490
539206  490
547137  490
627862  500
567619  500
573135  500
559344  500
574269  500
571702  500
560519  500
560892  500
558230  500
557319  500
587381  510
583819  510
589559  510
580613  510
579221  510
586996  510
581165  510
570814  510
599204  510
596508  510
618754  520
617199  520
610582  520
596447  520
608378  520
607187  520
610932  520
601902  520
609632  520
612680  520
619921  530
623087  530
623735  530
635353  530
623579  530
635637  530
620809  530
627067  530
635231  530
622985  530
647303  540
647722  540
649296  540
645888  540
650871  540
664068  540
653051  540
645930  540
651617  540
667321  540
671101  550
666237  550
668592  550
684241  550
674693  550
673449  550
671544  550
676736  550
676184  550
673224  550
692094  560
698593  560
706501  560
697955  560
713002  560
694517  560
694926  560
697644  560
704895  560
700853  560
722475  570
719385  570
729424  570
726761  570
721589  570
718267  570
723513  570
746410  570
719682  570
717623  570
746721  580
751324  580
761099  580
762222  580
760944  580
755080  580
747836  580
768509  580
748617  580
762952  580
764492  590
867366  590
868405  590
797571  590
831854  590
773971  590
801154  590
781652  590
780698  590
772532  590
800822  600
806531  600
813983  600
800461  600
809573  600
817244  600
806662  600
800822  600
801439  600
804256  600
822634  610
851282  610
817135  610
827727  610
825178  610
830252  610
822319  610
825365  610
832608  610
831655  610
858377  620
852239  620
856664  620
867623  620
852127  620
859612  620
849979  620
864942  620
881564  620
980608  620
924079  630
905552  630
936202  630
921257  630
905601  630
891721  630
904470  630
884788  630
914060  630
973176  630
994143  640
1081930  640
981109  640
974696  640
917986  640
936092  640
923299  640
910807  640
906115  640
908749  640
935916  650
953310  650
967994  650
949692  650
937612  650
963314  650
981575  650
963435  650
942374  650
954614  650
969040  660
966587  660
967650  660
991246  660
981452  660
1036675  660
1040526  660
1054498  660
1032058  660
1029400  660
1084148  670
1045284  670
1082026  670
1087918  670
1057338  670
1064643  670
1029170  670
999551  670
1003829  670
1024548  670
1040853  680
1034002  680
1028941  680
1031913  680
1031434  680
1053241  680
1094508  680
1065312  680
1064694  680
1112931  680
1137265  690
1164944  690
1151568  690
1175266  690
1132689  690
1176693  690
1156788  690
1163456  690
1111418  690
1133213  690
1197598  700
1213029  700
1174732  700
1209225  700
1175409  700
1179455  700
1136650  700
1133368  700
1190976  700
1125580  700
1260367  710
1315499  710
1190439  710
1132517  710
1128468  710
1119166  710
1149049  710
1145481  710
1133028  710
1119843  710
1151972  720
1161948  720
1179870  720
1151575  720
1173738  720
1151176  720
1157490  720
1154457  720
1143554  720
1179043  720
1181122  730
1199700  730
1197370  730
1183135  730
1189812  730
1181189  730
1179308  730
1185958  730
1211801  730
1182426  730
1224499  740
1227451  740
1231291  740
1231250  740
1240278  740
1224006  740
1216656  740
1207519  740
1224282  740
1215440  740
1247438  750
1260454  750
1274929  750
1278227  750
1258013  750
1278624  750
1257788  750
1260744  750
1249572  750
1266278  750
1310438  760
1285562  760
1291391  760
1302783  760
1284886  760
1307598  760
1281724  760
1293517  760
1276287  760
1284864  760
1337459  770
1317593  770
1315605  770
1320846  770
1323987  770
1325925  770
1320816  770
1314738  770
1324628  770
1325049  770
1356020  780
1356430  780
1356951  780
1352118  780
1382666  780
1358639  780
1362401  780
1358067  780
1350303  780
1380235  780
1386864  790
1416323  790
1385283  790
1386342  790
1400466  790
1413492  790
1390951  790
1384678  790
1395369  790
1395028  790
1423485  800
1443087  800
1473656  800
1433874  800
1424951  800
1430161  800
1449486  800
1431849  800
1430611  800
1421658  800
1459608  810
1461572  810
1464549  810
1484928  810
1503561  810
1480093  810
1480768  810
1456668  810
1489874  810
1464353  810
1553646  820
1496437  820
1501991  820
1507001  820
1501095  820
1499797  820
1507149  820
1498090  820
1497606  820
1502296  820
1539342  830
1530735  830
1553757  830
1526692  830
1548153  830
1535742  830
1559718  830
1580294  830
1529766  830
1541372  830
1573787  840
1573982  840
1610681  840
1568282  840
1604735  840
1580819  840
1599465  840
1577795  840
1579447  840
1570544  840
1612133  850
1633897  850
1762840  850
1934695  850
1702036  850
2024113  850
1918411  850
1902999  850
1913924  850
1824025  850
1693171  860
1720346  860
1906946  860
1711101  860
2274173  860
1820285  860
1979716  860
1664820  860
1657969  860
1655785  860
1698962  870
1695124  870
1686287  870
1883084  870
1986252  870
1858070  870
1780373  870
1672245  870
1668681  870
1665667  870
1727105  880
1717016  880
1704911  880
1709537  880
1711485  880
1723438  880
1718171  880
1722014  880
1724797  880
1705247  880
1743764  890
1761845  890
1745010  890
1748798  890
1758421  890
1744698  890
1738766  890
1744798  890
1802879  890
1739051  890
1790058  900
1791432  900
1786170  900
1807734  900
1785073  900
1806440  900
1787965  900
1807067  900
1795833  900
1781205  900
1844741  910
1823334  910
1823358  910
1846375  910
1829405  910
1850761  910
1846786  910
1828817  910
1822985  910
1826615  910
1955277  920
1866186  920
1859725  920
1870564  920
1859362  920
1870378  920
1898727  920
1906010  920
1888144  920
1875662  920
1917926  930
1904075  930
1908116  930
1906477  930
1911360  930
1908109  930
1925771  930
1920394  930
1943722  930
1914928  930
1950944  940
1953426  940
1947353  940
1991357  940
1946974  940
1955948  940
1967819  940
1955429  940
1974008  940
1956909  940
1998699  950
1989440  950
2000950  950
1995118  950
1989645  950
1993425  950
2004190  950
1993196  950
2000559  950
1996724  950
2068269  960
2053758  960
2044391  960
2044576  960
2037764  960
2032700  960
2035883  960
2034962  960
2035068  960
2045924  960
2092877  970
2074062  970
2070947  970
2083614  970
2065722  970
2068507  970
2075608  970
2071250  970
2072922  970
2077844  970
2118670  980
2125615  980
2119369  980
2115922  980
2123924  980
2122182  980
2127793  980
2114675  980
2132628  980
3218908  980
3284488  990
2418647  990
2175219  990
2161693  990
2160763  990
2161798  990
2172387  990
2169206  990
2166037  990
2186024  990
2206092  1000
2208026  1000
2211393  1000
2207675  1000
2209434  1000
2206176  1000
2200828  1000
2208347  1000
2232273  1000
2204360  1000
