279  10
271  10
312  10
263  10
298  10
272  10
301  10
283  10
259  10
264  10
1663  20
819  20
2546  20
817  20
7524  20
786  20
3257  20
948  20
7451  20
1763  20
3000  30
3629  30
5995  30
3343  30
1670  30
1771  30
2069  30
1603  30
3686  30
7536  30
2967  40
6991  40
2889  40
2881  40
4837  40
2901  40
2871  40
3570  40
3050  40
2970  40
5365  50
6350  50
4719  50
4906  50
4888  50
7641  50
4898  50
5012  50
4872  50
7453  50
7101  60
7201  60
6675  60
10619  60
6668  60
8864  60
6736  60
6757  60
6719  60
6688  60
9350  70
9128  70
9273  70
9358  70
9135  70
9352  70
11083  70
9164  70
9791  70
9152  70
12167  80
12211  80
12582  80
16394  80
13627  80
12227  80
12383  80
9390  80
15831  80
13472  80
15865  90
15505  90
15434  90
15436  90
15526  90
17554  90
15932  90
17456  90
15938  90
17429  90
24198  100
19913  100
20189  100
22544  100
21551  100
20666  100
19520  100
20075  100
22218  100
19841  100
24118  110
27990  110
24146  110
29162  110
24203  110
29540  110
24128  110
27862  110
24365  110
25651  110
28466  120
29509  120
28243  120
29642  120
28186  120
29598  120
28244  120
29530  120
28287  120
29585  120
33549  130
33865  130
33922  130
33896  130
33887  130
33951  130
33859  130
33934  130
33876  130
33780  130
39347  140
39211  140
39122  140
39226  140
39521  140
39352  140
39322  140
39479  140
39364  140
39189  140
45313  150
45097  150
45372  150
45354  150
45342  150
45635  150
50101  150
46012  150
45180  150
45058  150
52418  160
52177  160
57479  160
51623  160
52307  160
76920  160
51849  160
51554  160
51460  160
62703  160
64022  170
63447  170
59000  170
58101  170
58093  170
58270  170
58186  170
58097  170
58042  170
58119  170
65293  180
65358  180
65261  180
65587  180
65515  180
82776  180
65282  180
65695  180
67674  180
67785  180
75304  190
73471  190
72781  190
72848  190
73496  190
72999  190
72864  190
72911  190
72865  190
73102  190
81370  200
80899  200
80816  200
84961  200
81547  200
80990  200
80955  200
81264  200
81565  200
81649  200
89777  210
89866  210
89500  210
89516  210
89612  210
95181  210
89724  210
89616  210
89292  210
89339  210
98219  220
98077  220
97992  220
98392  220
98304  220
98311  220
98117  220
100268  220
98491  220
98127  220
103752  230
106827  230
103992  230
103953  230
103921  230
104459  230
104260  230
104082  230
104116  230
103304  230
110113  240
110100  240
106870  240
110911  240
111681  240
109923  240
109874  240
112208  240
109637  240
110405  240
115952  250
113386  250
116374  250
116363  250
116479  250
116092  250
116089  250
116530  250
116383  250
116672  250
124153  260
123587  260
123346  260
123043  260
123329  260
123368  260
123740  260
123174  260
123223  260
122878  260
131578  270
130696  270
131085  270
130598  270
131537  270
130946  270
130713  270
129861  270
129867  270
130344  270
137644  280
138515  280
137549  280
137943  280
137568  280
137728  280
137508  280
137763  280
139202  280
137322  280
143871  290
144694  290
145000  290
144543  290
144369  290
144495  290
145233  290
145355  290
145399  290
145924  290
152798  300
153077  300
156102  300
156753  300
151935  300
151043  300
152442  300
212525  300
152654  300
151965  300
159657  310
161803  310
159781  310
159636  310
160437  310
150222  310
159633  310
161926  310
156962  310
159898  310
171311  320
165465  320
172000  320
167306  320
170874  320
166939  320
167696  320
165920  320
166556  320
161059  320
174825  330
175665  330
164210  330
181039  330
175248  330
175913  330
167502  330
174913  330
178497  330
175424  330
182415  340
183796  340
183554  340
183545  340
184548  340
185367  340
184303  340
175070  340
184136  340
185053  340
196458  350
183007  350
193163  350
183741  350
192499  350
194331  350
194779  350
192570  350
195523  350
191736  350
203019  360
201043  360
197725  360
200444  360
201048  360
191782  360
200655  360
201286  360
201089  360
200753  360
209931  370
209401  370
211546  370
214002  370
212454  370
214602  370
212453  370
203683  370
231695  370
223721  370
225119  380
231769  380
229962  380
212457  380
214717  380
216491  380
220577  380
225106  380
224425  380
219885  380
235220  390
229958  390
231765  390
239959  390
229511  390
227533  390
232777  390
233003  390
234446  390
231119  390
237620  400
239513  400
238987  400
234174  400
242691  400
238632  400
238747  400
254657  400
238890  400
239020  400
252444  410
250810  410
247775  410
256880  410
254336  410
248197  410
248807  410
258181  410
245900  410
250241  410
265280  420
270945  420
256826  420
259453  420
258462  420
263476  420
264552  420
263612  420
264866  420
261324  420
280718  430
284695  430
283965  430
276149  430
275189  430
270666  430
266486  430
278672  430
273007  430
277296  430
286273  440
281868  440
283422  440
284831  440
297473  440
290014  440
293348  440
281814  440
282845  440
279184  440
310325  450
302914  450
294314  450
299524  450
295884  450
302562  450
298041  450
293680  450
298855  450
300667  450
315490  460
314016  460
302423  460
304988  460
305417  460
311047  460
311812  460
305542  460
312210  460
306227  460
325072  470
332699  470
328208  470
336306  470
319742  470
329106  470
325662  470
312593  470
314674  470
318031  470
331365  480
334102  480
348338  480
348529  480
334928  480
346708  480
345681  480
337786  480
338134  480
352528  480
365287  490
365215  490
345077  490
338034  490
340862  490
345945  490
352331  490
346188  490
340157  490
342273  490
357093  500
370712  500
361645  500
367288  500
360305  500
365208  500
373502  500
357721  500
358304  500
374461  500
383324  510
370269  510
373799  510
379792  510
366595  510
370205  510
378224  510
376774  510
377508  510
381507  510
391723  520
408525  520
388027  520
382007  520
383034  520
392774  520
385268  520
396864  520
395061  520
384474  520
400136  530
393645  530
401890  530
420882  530
405593  530
397641  530
394580  530
450816  530
440079  530
400776  530
411002  540
415365  540
413147  540
412598  540
412056  540
412769  540
416689  540
413743  540
413362  540
427076  540
429427  550
428607  550
446176  550
431960  550
431838  550
431340  550
430397  550
438141  550
429334  550
426322  550
450407  560
441688  560
445760  560
442672  560
441398  560
443742  560
460339  560
444519  560
440227  560
443892  560
457983  570
459620  570
456088  570
459857  570
461925  570
456447  570
458091  570
464580  570
460183  570
470168  570
476404  580
475360  580
475984  580
472591  580
474492  580
473745  580
475801  580
474957  580
470882  580
484585  580
494840  590
488893  590
486031  590
498330  590
488200  590
501679  590
509092  590
488382  590
490193  590
488142  590
507686  600
505100  600
506824  600
515747  600
505994  600
529160  600
516567  600
509266  600
509525  600
516910  600
535107  610
523981  610
534924  610
525029  610
523978  610
524235  610
525749  610
523234  610
522175  610
525074  610
539228  620
539938  620
540742  620
539457  620
557301  620
540453  620
553445  620
542512  620
626356  620
555536  620
559323  630
600709  630
567794  630
561957  630
583290  630
559863  630
559179  630
565381  630
558699  630
557678  630
580652  640
586236  640
574183  640
587844  640
637563  640
584121  640
574483  640
586430  640
577375  640
588800  640
592017  650
594399  650
601631  650
599431  650
611496  650
607929  650
600024  650
618590  650
599823  650
603034  650
614943  660
621493  660
624613  660
616477  660
627954  660
614694  660
615892  660
608362  660
622148  660
613371  660
631036  670
688795  670
644156  670
633918  670
630122  670
632003  670
634452  670
636267  670
631302  670
641789  670
652663  680
667666  680
656189  680
656609  680
651444  680
647030  680
648370  680
655021  680
648835  680
647525  680
669917  690
676195  690
675153  690
667521  690
668671  690
671399  690
662291  690
670030  690
675766  690
668880  690
694931  700
686579  700
688281  700
699835  700
687423  700
701181  700
688396  700
687366  700
711475  700
695573  700
722115  710
705757  710
718887  710
783344  710
713705  710
707837  710
715364  710
706741  710
727530  710
708649  710
726367  720
750974  720
742729  720
729263  720
729297  720
779045  720
759602  720
744736  720
822729  720
791457  720
849097  730
775384  730
792557  730
784509  730
835767  730
815626  730
809397  730
763837  730
746315  730
756093  730
770778  740
760818  740
764986  740
769159  740
774754  740
778205  740
767588  740
766815  740
764451  740
763914  740
785938  750
791312  750
793185  750
799279  750
803332  750
788086  750
788023  750
802773  750
808957  750
797982  750
817117  760
805229  760
834570  760
813265  760
818354  760
807493  760
801393  760
807360  760
801313  760
808364  760
837316  770
841329  770
829478  770
844282  770
833391  770
841383  770
842481  770
840949  770
828377  770
842359  770
860832  780
870173  780
849835  780
859998  780
847706  780
846991  780
849643  780
848289  780
843594  780
853180  780
880618  790
880289  790
874973  790
871800  790
877282  790
873992  790
866929  790
867315  790
870955  790
882374  790
884376  800
885005  800
894048  800
898691  800
884227  800
905014  800
903113  800
885336  800
890292  800
895715  800
909479  810
915199  810
909672  810
915136  810
927286  810
918942  810
953739  810
929054  810
911921  810
929106  810
932362  820
934567  820
932368  820
932327  820
946478  820
942022  820
957749  820
938268  820
941758  820
942656  820
951582  830
954995  830
955602  830
960318  830
964476  830
969265  830
970701  830
965688  830
955656  830
953477  830
999595  840
976812  840
995377  840
973010  840
979271  840
979998  840
981866  840
977624  840
979422  840
995830  840
1004255  850
1023666  850
1004848  850
1009903  850
1025439  850
1013029  850
1007908  850
1013754  850
1015606  850
1000681  850
1031130  860
1024625  860
1034947  860
1022602  860
1022043  860
1034274  860
1027298  860
1049786  860
1024538  860
1021156  860
1049612  870
1046613  870
1064406  870
1050724  870
1041656  870
1045957  870
1050157  870
1042718  870
1051359  870
1074784  870
1114865  880
1073867  880
1068185  880
1068375  880
1089222  880
1084393  880
1087687  880
1068722  880
1075371  880
1087874  880
1106991  890
1105947  890
1096098  890
1090015  890
1094831  890
1106045  890
1111359  890
1096199  890
1098317  890
1105172  890
1115187  900
1122840  900
1115749  900
1116048  900
1118239  900
1121130  900
1152888  900
1118584  900
1123826  900
1117051  900
1165759  910
1157190  910
1160813  910
1158334  910
1141746  910
1146621  910
1147614  910
1146453  910
1142026  910
1146419  910
1185610  920
1167764  920
1166204  920
1174612  920
1167272  920
1186938  920
1160153  920
1163835  920
1173646  920
1167752  920
1196108  930
1222035  930
1209288  930
1193989  930
1200950  930
1205255  930
1225648  930
1212715  930
1190121  930
1188239  930
1219338  940
1219223  940
1237327  940
1240530  940
1221394  940
1215033  940
1220343  940
1222511  940
1217195  940
1223937  940
1238367  950
1237401  950
1247299  950
1252857  950
1239619  950
1259598  950
1238315  950
1241283  950
1267327  950
1241644  950
1269776  960
1266703  960
1274473  960
1279766  960
1265130  960
1266437  960
1278406  960
1265806  960
1268183  960
1268619  960
1291586  970
1291639  970
1302719  970
1299725  970
1301868  970
1294006  970
1294506  970
1290867  970
1295431  970
1313738  970
1334621  980
1315343  980
1327077  980
1325681  980
1323506  980
1313058  980
1318659  980
1319322  980
1322707  980
1325516  980
1356984  990
1365978  990
1346770  990
1376598  990
1362438  990
1360384  990
1353613  990
1367732  990
1364664  990
1373079  990
1378185  1000
1366651  1000
1393384  1000
1421169  1000
1387619  1000
1390321  1000
1379850  1000
1389553  1000
1389342  1000
1384321  1000
