108  10
116  10
114  10
114  10
125  10
125  10
120  10
121  10
116  10
128  10
492  20
528  20
518  20
524  20
520  20
524  20
635  20
521  20
516  20
516  20
3562  30
1244  30
2050  30
4944  30
1250  30
5015  30
2097  30
3025  30
6584  30
1974  30
3608  40
2124  40
3796  40
2852  40
4759  40
2023  40
2664  40
2188  40
2785  40
2267  40
5500  50
3319  50
3611  50
7220  50
3223  50
3479  50
3489  50
4650  50
3361  50
3340  50
4926  60
4867  60
5007  60
4907  60
7583  60
4852  60
5506  60
7097  60
5060  60
6340  60
9146  70
6482  70
6794  70
6368  70
6390  70
6506  70
7468  70
7831  70
6379  70
6462  70
8475  80
8321  80
8531  80
8739  80
8374  80
7195  80
12241  80
8324  80
8584  80
9906  80
14656  90
10716  90
10580  90
10571  90
10558  90
10589  90
12456  90
12645  90
14827  90
11423  90
13685  100
14324  100
14117  100
13429  100
20114  100
13352  100
14361  100
14482  100
14604  100
13980  100
16241  110
16081  110
15961  110
17615  110
18927  110
18211  110
15941  110
17242  110
18948  110
16595  110
19280  120
21747  120
19584  120
21486  120
21223  120
21602  120
19587  120
21323  120
19513  120
21661  120
23617  130
25445  130
22939  130
27614  130
22870  130
30894  130
29002  130
22846  130
28117  130
22821  130
32791  140
28131  140
28938  140
28360  140
27945  140
27762  140
28259  140
28112  140
27805  140
28023  140
31216  150
31186  150
31183  150
31256  150
31192  150
31114  150
31128  150
31200  150
31400  150
31512  150
35318  160
35224  160
38398  160
35762  160
35434  160
35318  160
35511  160
42963  160
38161  160
35311  160
39727  170
39729  170
40584  170
39689  170
39800  170
39770  170
39866  170
39733  170
40645  170
40521  170
45811  180
44483  180
44474  180
44514  180
44570  180
44519  180
44571  180
45687  180
45847  180
45631  180
48294  190
50448  190
51628  190
51072  190
50367  190
49590  190
49878  190
50708  190
49743  190
51373  190
57748  200
56028  200
55970  200
58417  200
58548  200
57975  200
55525  200
57859  200
57766  200
59154  200
61249  210
63391  210
64462  210
63384  210
63313  210
61666  210
64077  210
64008  210
61176  210
61076  210
66803  220
66938  220
66789  220
66639  220
66949  220
66771  220
66717  220
66677  220
66642  220
66687  220
72949  230
73007  230
73652  230
77061  230
76181  230
72887  230
73033  230
73076  230
73123  230
76730  230
80633  240
80300  240
80126  240
80590  240
80037  240
79943  240
80057  240
79898  240
79813  240
79900  240
86741  250
86617  250
88099  250
86801  250
87106  250
86484  250
86903  250
86617  250
86860  250
87095  250
90537  260
93589  260
93968  260
94042  260
94469  260
93771  260
93774  260
94202  260
94215  260
93712  260
98665  270
98867  270
98571  270
114325  270
98879  270
98832  270
98831  270
98082  270
98884  270
99483  270
102967  280
103057  280
103240  280
103157  280
103022  280
103111  280
103573  280
105821  280
107439  280
103146  280
109159  290
107927  290
105488  290
105755  290
112146  290
108755  290
107769  290
107929  290
107853  290
108278  290
113125  300
113848  300
113698  300
112696  300
116046  300
113256  300
114511  300
114197  300
113822  300
113422  300
119106  310
118669  310
118533  310
118478  310
118183  310
118107  310
120646  310
118407  310
125732  310
118034  310
124945  320
120588  320
126983  320
125418  320
124188  320
122026  320
125292  320
124481  320
121074  320
125535  320
135763  330
132783  330
129726  330
123384  330
129827  330
129922  330
131690  330
134976  330
131019  330
129994  330
136793  340
135186  340
135036  340
133592  340
136614  340
127959  340
134628  340
141540  340
135692  340
135284  340
140112  350
142548  350
138814  350
140403  350
142717  350
149181  350
138733  350
140925  350
140256  350
141019  350
148875  360
148681  360
146091  360
150437  360
148036  360
147053  360
145756  360
146311  360
148024  360
146516  360
155380  370
144711  370
161728  370
155275  370
153986  370
153421  370
146428  370
152892  370
152568  370
154137  370
160260  380
159076  380
161528  380
161765  380
153830  380
157381  380
162806  380
156351  380
159654  380
157412  380
165578  390
161505  390
157880  390
163528  390
168035  390
158857  390
166745  390
167034  390
159367  390
164940  390
171967  400
174775  400
164408  400
175435  400
176472  400
172864  400
163505  400
170108  400
176742  400
176704  400
176032  410
178137  410
179263  410
179919  410
177978  410
179925  410
175532  410
177176  410
175398  410
177918  410
186040  420
178601  420
185681  420
186841  420
184716  420
186889  420
189049  420
187070  420
186489  420
187102  420
196569  430
191616  430
196666  430
212038  430
191628  430
192913  430
189300  430
196182  430
191566  430
195667  430
210864  440
205606  440
201757  440
203472  440
203753  440
199034  440
202966  440
196008  440
207290  440
198013  440
205903  450
212274  450
208583  450
204678  450
209569  450
209471  450
216051  450
209063  450
210306  450
206904  450
216099  460
217444  460
213426  460
214418  460
216111  460
216207  460
222347  460
215866  460
236378  460
217197  460
222384  470
228107  470
222210  470
225290  470
224320  470
217938  470
223038  470
224451  470
220844  470
221752  470
235602  480
234771  480
231194  480
234301  480
221818  480
231232  480
232265  480
230824  480
234261  480
235254  480
238178  490
241068  490
242485  490
239017  490
247724  490
248221  490
240634  490
241286  490
240667  490
241863  490
246146  500
253180  500
249155  500
255091  500
246890  500
248727  500
246532  500
258271  500
244672  500
247716  500
256845  510
257387  510
258681  510
271962  510
256840  510
258375  510
257607  510
258391  510
256897  510
256117  510
266597  520
266141  520
271022  520
275345  520
271040  520
271632  520
267860  520
270163  520
270463  520
267283  520
282457  530
273116  530
275227  530
274597  530
276775  530
275760  530
276827  530
284247  530
278097  530
283148  530
284562  540
287852  540
282748  540
284179  540
286125  540
292268  540
291358  540
285011  540
297962  540
295021  540
293667  550
294203  550
293294  550
302622  550
310759  550
294166  550
315765  550
333107  550
403426  550
305909  550
345163  560
322884  560
326462  560
305949  560
331180  560
304868  560
307737  560
303122  560
304817  560
313574  560
356544  570
314170  570
335516  570
321023  570
378247  570
316211  570
318935  570
320712  570
328563  570
315276  570
338020  580
370315  580
335434  580
328123  580
328312  580
329237  580
325805  580
332252  580
332408  580
329795  580
347864  590
347650  590
337911  590
350844  590
352626  590
337834  590
344720  590
337828  590
342959  590
349697  590
355788  600
350902  600
382884  600
350851  600
348025  600
430178  600
358639  600
349803  600
347201  600
353388  600
366918  610
369547  610
373296  610
366608  610
366124  610
378065  610
367948  610
360278  610
371640  610
364753  610
377748  620
377927  620
376221  620
372076  620
378215  620
375782  620
386656  620
381772  620
375705  620
379770  620
383015  630
384051  630
397515  630
383265  630
389189  630
391197  630
393498  630
383749  630
389359  630
391610  630
416234  640
401832  640
398500  640
406585  640
412980  640
401674  640
406234  640
406648  640
403713  640
397798  640
413742  650
408809  650
424137  650
410137  650
410091  650
416998  650
451857  650
417356  650
423271  650
414357  650
437483  660
435721  660
429308  660
430852  660
421652  660
421322  660
443345  660
422849  660
423197  660
418806  660
451072  670
441156  670
446698  670
441866  670
432932  670
434946  670
440992  670
433953  670
438007  670
438574  670
447588  680
468674  680
455429  680
450121  680
446482  680
447548  680
447219  680
462398  680
456417  680
446367  680
494533  690
482361  690
461559  690
475375  690
479920  690
466701  690
464381  690
467574  690
461413  690
466727  690
473793  700
492366  700
492348  700
488947  700
479559  700
475189  700
504528  700
474756  700
478337  700
474958  700
488497  710
487537  710
490471  710
488298  710
488752  710
499304  710
498413  710
491972  710
487497  710
493641  710
503514  720
506201  720
517482  720
514522  720
526297  720
509483  720
516976  720
510846  720
510126  720
515036  720
542727  730
527546  730
525929  730
514926  730
542183  730
531766  730
522410  730
524196  730
517761  730
524383  730
552404  740
531847  740
539941  740
539445  740
532344  740
535420  740
531958  740
543425  740
541897  740
537870  740
549753  750
542440  750
546004  750
620688  750
609871  750
599969  750
547577  750
545092  750
559379  750
548633  750
582158  760
568833  760
577055  760
571519  760
560427  760
559730  760
579196  760
564726  760
581694  760
566000  760
587497  770
590663  770
595338  770
575193  770
589714  770
581683  770
597696  770
576706  770
583664  770
591850  770
593082  780
586386  780
595266  780
588753  780
656401  780
599580  780
599304  780
599593  780
589368  780
590835  780
606549  790
607786  790
608903  790
607304  790
628422  790
615240  790
613685  790
609015  790
604682  790
621918  790
632812  800
640291  800
627135  800
643600  800
624311  800
625681  800
621430  800
622414  800
625549  800
661101  800
636662  810
650039  810
655909  810
730531  810
641494  810
645301  810
641770  810
644285  810
639232  810
638037  810
655650  820
657273  820
666484  820
654479  820
662579  820
666364  820
658219  820
652182  820
650251  820
652584  820
665169  830
668254  830
672437  830
668357  830
676829  830
678503  830
715290  830
670774  830
669471  830
690428  830
692588  840
734521  840
706539  840
689710  840
683538  840
700149  840
700706  840
693262  840
693759  840
698155  840
704594  850
702310  850
697980  850
697296  850
698855  850
717073  850
699620  850
703589  850
698870  850
706965  850
715607  860
743977  860
728199  860
726862  860
726317  860
720593  860
742517  860
737618  860
726558  860
756722  860
750460  870
736613  870
742659  870
742691  870
734126  870
730748  870
732986  870
742955  870
733240  870
760933  870
750714  880
750530  880
752850  880
748972  880
769655  880
743473  880
749776  880
753413  880
746386  880
776445  880
768897  890
775912  890
790805  890
766911  890
766324  890
765198  890
770423  890
763630  890
768638  890
768965  890
799303  900
783795  900
791212  900
805168  900
781626  900
796422  900
793490  900
800653  900
783993  900
793469  900
802683  910
807661  910
838016  910
798320  910
804767  910
800128  910
825182  910
798304  910
798517  910
798738  910
822361  920
815975  920
814344  920
820242  920
816334  920
823610  920
814909  920
827834  920
815059  920
853991  920
860666  930
833093  930
833544  930
853535  930
848774  930
830792  930
862680  930
869257  930
850559  930
837497  930
891944  940
858892  940
856136  940
849070  940
860196  940
847845  940
880701  940
852912  940
858537  940
850425  940
870251  950
900008  950
873618  950
882304  950
895849  950
884150  950
886005  950
868668  950
897396  950
883740  950
895644  960
886438  960
887558  960
890066  960
891010  960
919533  960
912221  960
918344  960
911847  960
903740  960
920488  970
906719  970
905982  970
921866  970
938367  970
905366  970
901632  970
900183  970
907166  970
902719  970
924906  980
931202  980
949210  980
964212  980
936871  980
924592  980
921258  980
925181  980
924447  980
932950  980
952405  990
973490  990
945008  990
947422  990
936639  990
941858  990
949211  990
952906  990
943212  990
942631  990
957787  1000
958006  1000
960211  1000
980167  1000
972650  1000
957748  1000
988682  1000
962132  1000
977347  1000
954110  1000
