242  10
263  10
244  10
254  10
284  10
294  10
248  10
251  10
237  10
280  10
4998  20
851  20
843  20
828  20
811  20
848  20
1715  20
4896  20
7668  20
7634  20
2585  30
3784  30
2382  30
3393  30
6490  30
2065  30
1888  30
5799  30
2003  30
7610  30
7313  40
3648  40
12302  40
11002  40
7354  40
3634  40
4761  40
3764  40
3888  40
5780  40
6189  50
7733  50
6107  50
10249  50
13878  50
5943  50
9542  50
5997  50
12000  50
5927  50
12697  60
8897  60
8786  60
8970  60
9653  60
8791  60
9111  60
9341  60
8837  60
9205  60
12386  70
12348  70
15346  70
14976  70
17579  70
14109  70
12404  70
12593  70
13476  70
12978  70
17696  80
17135  80
17906  80
17463  80
17425  80
17721  80
17325  80
18216  80
17349  80
17379  80
25864  90
23986  90
23918  90
34234  90
24279  90
23894  90
23868  90
25929  90
24299  90
23938  90
50998  100
32223  100
30201  100
33400  100
27208  100
30292  100
33603  100
31007  100
27288  100
30926  100
33301  110
35282  110
32883  110
36389  110
32907  110
35287  110
33172  110
35311  110
33965  110
35455  110
39879  120
40997  120
40656  120
46426  120
46513  120
40276  120
41630  120
40315  120
40794  120
40329  120
47426  130
48572  130
47522  130
47479  130
47534  130
47410  130
47367  130
49016  130
49032  130
47442  130
56865  140
61803  140
55867  140
56822  140
56488  140
56534  140
56337  140
56724  140
55667  140
55743  140
63899  150
63875  150
65217  150
64597  150
64716  150
64668  150
64545  150
64682  150
64692  150
64624  150
73847  160
74134  160
74012  160
73779  160
73925  160
73755  160
73962  160
74005  160
72779  160
73532  160
82569  170
83984  170
83932  170
84026  170
82500  170
83935  170
82641  170
82539  170
83455  170
82638  170
93148  180
93008  180
92817  180
92901  180
93138  180
92943  180
92909  180
93493  180
92778  180
92954  180
102929  190
102935  190
102792  190
102733  190
105086  190
108263  190
106550  190
102654  190
102679  190
102707  190
110338  200
110493  200
109749  200
109821  200
110363  200
110910  200
110003  200
110126  200
109917  200
109988  200
116927  210
117006  210
117276  210
117527  210
116998  210
117168  210
122348  210
117387  210
117428  210
117063  210
125301  220
125253  220
125282  220
124922  220
128629  220
127032  220
126425  220
125600  220
125236  220
125266  220
134052  230
134238  230
135396  230
133890  230
134195  230
134817  230
134259  230
134920  230
134225  230
134588  230
142936  240
146063  240
143180  240
143126  240
143296  240
143300  240
143463  240
143377  240
145535  240
143084  240
151488  250
151320  250
151662  250
151376  250
151779  250
152311  250
151970  250
152794  250
150859  250
151964  250
161162  260
161139  260
160596  260
160661  260
161859  260
160882  260
157446  260
160927  260
160322  260
160755  260
169883  270
170293  270
169602  270
169643  270
169675  270
169294  270
168746  270
170051  270
170833  270
170321  270
179852  280
179218  280
179846  280
179667  280
179541  280
181431  280
179679  280
179414  280
180506  280
179724  280
189499  290
191899  290
191144  290
194842  290
189239  290
189459  290
199041  290
188300  290
193556  290
194492  290
200091  300
191952  300
200327  300
203665  300
198528  300
203077  300
200207  300
199895  300
192857  300
200188  300
205087  310
212911  310
213713  310
212276  310
210791  310
215700  310
210489  310
210654  310
211753  310
205494  310
215612  320
225999  320
221538  320
216728  320
221776  320
222917  320
221591  320
223647  320
223523  320
222851  320
235727  330
231649  330
233897  330
234060  330
232854  330
231536  330
235504  330
233990  330
233418  330
236112  330
235296  340
244723  340
246790  340
252939  340
246056  340
246797  340
243029  340
245240  340
241156  340
247738  340
252623  350
258847  350
260005  350
250868  350
257467  350
254443  350
250068  350
257824  350
260119  350
251370  350
272976  360
267937  360
270422  360
269884  360
263494  360
271871  360
267915  360
270934  360
273960  360
270697  360
282622  370
284887  370
285334  370
284091  370
286594  370
284231  370
277895  370
285240  370
283063  370
283152  370
299376  380
299974  380
294450  380
297412  380
297010  380
297283  380
291244  380
293524  380
413181  380
412261  380
464163  390
437777  390
434734  390
434282  390
441356  390
458188  390
440540  390
440547  390
425691  390
434549  390
451543  400
466850  400
470394  400
452934  400
328187  400
338515  400
319543  400
325849  400
325346  400
327568  400
344407  410
339258  410
334575  410
344553  410
354416  410
346948  410
341512  410
341098  410
346648  410
341048  410
353690  420
353369  420
359992  420
357497  420
361429  420
350126  420
356719  420
361620  420
348520  420
356837  420
393339  430
373132  430
363674  430
375219  430
383295  430
371822  430
375661  430
374668  430
376961  430
375780  430
392231  440
399332  440
378501  440
388819  440
392436  440
380113  440
375791  440
388594  440
389300  440
403624  440
405058  450
409371  450
405189  450
398907  450
404830  450
407574  450
404927  450
406704  450
407606  450
406504  450
424061  460
417243  460
428094  460
420884  460
424937  460
417479  460
426858  460
423759  460
434582  460
422788  460
442109  470
439253  470
444452  470
431658  470
447561  470
441701  470
439650  470
443134  470
443913  470
447135  470
457308  480
459613  480
449856  480
466422  480
457979  480
458263  480
459115  480
451096  480
451200  480
456616  480
493971  490
482685  490
473845  490
474580  490
474011  490
469373  490
474676  490
474030  490
481693  490
468227  490
519998  500
497183  500
495200  500
486438  500
517448  500
490282  500
494485  500
492107  500
494313  500
495706  500
515765  510
507399  510
513896  510
511364  510
518249  510
509450  510
513355  510
504800  510
508940  510
516745  510
530783  520
534813  520
531329  520
529695  520
543933  520
536848  520
531184  520
531822  520
529325  520
537338  520
555558  530
550760  530
567609  530
558337  530
559869  530
550382  530
560720  530
546091  530
550850  530
547469  530
571981  540
572429  540
600805  540
572974  540
572212  540
572266  540
601958  540
571827  540
578803  540
572179  540
590735  550
595472  550
599240  550
605259  550
589533  550
591025  550
614547  550
598298  550
594497  550
591536  550
612809  560
615259  560
616312  560
611392  560
615631  560
619856  560
625249  560
614889  560
617251  560
609702  560
647797  570
632632  570
631691  570
642065  570
634065  570
634504  570
641587  570
638599  570
658008  570
633620  570
666675  580
659246  580
655598  580
669431  580
655443  580
654408  580
670007  580
654587  580
674848  580
695962  580
682111  590
678290  590
689466  590
685580  590
682212  590
702975  590
683409  590
678223  590
684947  590
679997  590
700803  600
704477  600
700604  600
701923  600
709756  600
719141  600
705509  600
701240  600
714896  600
706417  600
725280  610
731809  610
732625  610
723922  610
738102  610
728152  610
734360  610
768894  610
751641  610
726738  610
758448  620
753753  620
752719  620
762593  620
749296  620
756697  620
748053  620
750378  620
755843  620
750524  620
792124  630
777199  630
779799  630
777308  630
773015  630
775924  630
775397  630
774904  630
783863  630
777914  630
838497  640
799964  640
800069  640
801636  640
798119  640
806078  640
798302  640
804345  640
808753  640
825277  640
827007  650
825766  650
831032  650
825691  650
830883  650
827252  650
849678  650
823381  650
827570  650
848308  650
850687  660
856576  660
849318  660
854293  660
855843  660
851946  660
849230  660
856207  660
848618  660
856110  660
872980  670
896468  670
874845  670
873970  670
874312  670
875481  670
875049  670
879124  670
881528  670
878284  670
900308  680
905397  680
901408  680
899738  680
901837  680
897873  680
908430  680
898968  680
901742  680
900412  680
929545  690
943277  690
927865  690
930901  690
922330  690
931210  690
927388  690
926469  690
923977  690
935315  690
964695  700
955085  700
952811  700
956783  700
949080  700
953986  700
965790  700
952130  700
949710  700
961611  700
983814  710
980522  710
983993  710
978570  710
979015  710
977789  710
977473  710
975424  710
983949  710
991028  710
1014084  720
1013978  720
1010107  720
1005332  720
1007989  720
1005644  720
1011814  720
1011079  720
1011568  720
1010481  720
1032485  730
1030793  730
1055449  730
1034973  730
1042544  730
1032847  730
1071894  730
1036070  730
1035049  730
1029293  730
1055150  740
1062918  740
1057882  740
1086107  740
1057117  740
1064190  740
1060504  740
1081637  740
1061556  740
1071976  740
1087219  750
1105690  750
1090781  750
1092057  750
1088605  750
1100263  750
1089732  750
1087520  750
1086252  750
1094410  750
1127398  760
1115039  760
1131734  760
1119934  760
1126723  760
1116086  760
1114753  760
1114538  760
1115880  760
1137435  760
1143490  770
1148065  770
1155394  770
1170597  770
1141877  770
1146120  770
1151709  770
1148365  770
1148286  770
1142614  770
1184203  780
1188516  780
1178838  780
1179788  780
1178444  780
1184400  780
1175529  780
1200799  780
1174369  780
1193712  780
1224982  790
1205196  790
1211943  790
1202509  790
1219383  790
1205428  790
1213557  790
1207942  790
1209014  790
1201241  790
1238831  800
1240454  800
1231099  800
1233792  800
1264598  800
1231583  800
1234627  800
1256927  800
1232356  800
1266727  800
1261071  810
1266593  810
1261988  810
1261251  810
1265885  810
1264666  810
1264078  810
1279448  810
1262518  810
1264279  810
1302662  820
1300090  820
1304942  820
1294879  820
1294905  820
1299753  820
1295576  820
1303290  820
1299676  820
1289530  820
1328863  830
1325598  830
1326004  830
1340669  830
1325010  830
1326805  830
1337856  830
1326700  830
1334283  830
1374182  830
1354857  840
1359666  840
1356285  840
1360864  840
1353060  840
1371411  840
1357802  840
1365267  840
1378171  840
1362707  840
1391077  850
1403527  850
1388148  850
1395685  850
1402230  850
1393400  850
1394712  850
1389403  850
1413656  850
1400847  850
1426837  860
1436862  860
1425317  860
1421280  860
1446631  860
1435581  860
1421339  860
1426317  860
1433610  860
1439985  860
1468360  870
1455278  870
1454579  870
1466562  870
1452013  870
1453191  870
1473247  870
1469668  870
1450737  870
1452982  870
1491784  880
1490213  880
1482774  880
1494364  880
1602918  880
1549857  880
1512735  880
1529118  880
1580614  880
1562269  880
1581846  890
1588011  890
1567508  890
1564368  890
1564807  890
1553022  890
1566603  890
1556262  890
1563114  890
1574778  890
1615390  900
1634930  900
1659589  900
1631468  900
1605301  900
1622121  900
1609474  900
1663206  900
1611162  900
1598386  900
1672797  910
1650206  910
1610345  910
1646994  910
1611284  910
1648152  910
1664572  910
1642398  910
1606396  910
1634619  910
1675255  920
1704761  920
1692033  920
1662777  920
1660726  920
1664943  920
1658407  920
1782146  920
1847869  920
1632054  920
1658207  930
1657424  930
1656737  930
1668302  930
1653223  930
1671708  930
1669493  930
1659234  930
1692988  930
1654695  930
1692838  940
1689864  940
1697771  940
1704512  940
1697120  940
1715943  940
1708149  940
1701506  940
1690183  940
1707587  940
1746115  950
1740897  950
1744189  950
1733115  950
1743029  950
1732431  950
1736420  950
1739137  950
1741259  950
1732696  950
1778989  960
1762505  960
1769200  960
1775420  960
1777978  960
1759327  960
1765710  960
1768990  960
1757834  960
1802014  960
1806624  970
1794651  970
1807775  970
1806308  970
1794954  970
1804690  970
1812999  970
1819630  970
1794739  970
1798756  970
1848243  980
1835415  980
1846471  980
1842896  980
1862297  980
1923097  980
1846143  980
1843742  980
1882559  980
1843578  980
1875831  990
1881564  990
1871599  990
1868995  990
1878989  990
1870706  990
2003187  990
2032933  990
1869780  990
1880025  990
1904045  1000
1954810  1000
1910121  1000
1910123  1000
1926412  1000
1912269  1000
1921640  1000
1923609  1000
1918806  1000
1973339  1000
