52  5
58  5
56  5
43  5
44  5
41  5
47  5
57  5
57  5
76  5
96  6
54  6
53  6
51  6
54  6
53  6
60  6
59  6
70  6
55  6
70  7
64  7
86  7
94  7
93  7
89  7
73  7
73  7
78  7
77  7
107  8
106  8
111  8
114  8
119  8
119  8
134  8
128  8
103  8
103  8
141  9
140  9
146  9
148  9
152  9
155  9
98  9
101  9
110  9
114  9
142  10
165  10
163  10
160  10
158  10
155  10
163  10
159  10
170  10
171  10
199  11
202  11
155  11
156  11
164  11
219  11
191  11
193  11
211  11
174  11
175  12
172  12
236  12
244  12
244  12
181  12
178  12
198  12
203  12
196  12
265  13
213  13
204  13
204  13
206  13
206  13
253  13
262  13
247  13
254  13
239  14
237  14
240  14
240  14
247  14
275  14
274  14
309  14
310  14
331  14
326  15
325  15
367  15
361  15
381  15
326  15
379  15
363  15
384  15
433  15
449  16
437  16
434  16
477  16
363  16
345  16
401  16
415  16
319  16
320  16
370  17
373  17
371  17
409  17
411  17
456  17
494  17
411  17
490  17
421  17
287  18
394  18
428  18
479  18
525  18
602  18
395  18
396  18
461  18
465  18
566  19
615  19
514  19
644  19
741  19
444  19
443  19
530  19
590  19
593  19
553  20
547  20
529  20
534  20
491  20
566  20
490  20
491  20
493  20
489  20
624  21
598  21
650  21
654  21
675  21
676  21
813  21
792  21
792  21
634  21
3628  22
1530  22
2055  22
2143  22
1986  22
2456  22
2571  22
2306  22
2424  22
603  22
720  23
698  23
703  23
671  23
4479  23
4426  23
1043  23
6470  23
2588  23
688  23
7658  24
2641  24
726  24
7653  24
745  24
1090  24
2514  24
1594  24
6662  24
2759  24
811  25
799  25
1735  25
6325  25
815  25
4013  25
2420  25
2668  25
813  25
814  25
1292  26
5820  26
2344  26
3644  26
997  26
2114  26
1011  26
2391  26
2440  26
941  26
951  27
959  27
2112  27
2419  27
932  27
3063  27
932  27
6682  27
932  27
4068  27
1610  28
1066  28
1035  28
1473  28
2508  28
1563  28
1095  28
1527  28
1111  28
2780  28
1077  29
1068  29
1126  29
1894  29
1306  29
1443  29
2233  29
1593  29
1084  29
2200  29
1270  30
1833  30
5512  30
1222  30
2720  30
5942  30
6069  30
2250  30
1476  30
1470  30
2069  31
8029  31
1263  31
7568  31
1990  31
1286  31
1381  31
1381  31
3612  31
1286  31
1380  32
1597  32
3007  32
1356  32
1357  32
1768  32
2049  32
1537  32
1965  32
2001  32
1846  33
1643  33
1795  33
5972  33
1459  33
1642  33
1819  33
1805  33
1539  33
1640  33
1558  34
1911  34
1737  34
4819  34
1492  34
1504  34
1596  34
1553  34
1563  34
1748  34
5318  35
1600  35
1597  35
1585  35
5395  35
1626  35
1588  35
1618  35
1639  35
1637  35
4684  36
1679  36
1668  36
1688  36
1726  36
1751  36
3445  36
1693  36
1682  36
4599  36
1870  37
1823  37
1775  37
2231  37
1791  37
1811  37
1775  37
1910  37
2780  37
2041  37
1861  38
2211  38
2002  38
2038  38
1864  38
2036  38
2123  38
1907  38
2004  38
2341  38
2922  39
3432  39
2036  39
2001  39
3447  39
2084  39
2028  39
3081  39
2117  39
2028  39
2230  40
4267  40
2331  40
2423  40
2285  40
2435  40
3236  40
2279  40
3060  40
2350  40
2180  41
4687  41
2416  41
2239  41
5742  41
2611  41
2955  41
2423  41
3416  41
2253  41
2691  42
2305  42
3277  42
11404  42
5984  42
3316  42
7363  42
3337  42
2515  42
3501  42
2458  43
2407  43
2401  43
2656  43
7364  43
2417  43
7423  43
2410  43
2490  43
2435  43
2539  44
3251  44
5677  44
2744  44
2859  44
2675  44
2586  44
2558  44
2514  44
2535  44
2712  45
5469  45
2733  45
2886  45
2813  45
2711  45
2683  45
2636  45
2667  45
2663  45
3005  46
3463  46
3307  46
3114  46
2999  46
2862  46
2948  46
3869  46
2766  46
2933  46
3063  47
3074  47
3600  47
3413  47
3266  47
3081  47
6771  47
2880  47
3106  47
2968  47
3024  48
2995  48
4602  48
3076  48
3015  48
5665  48
3103  48
3070  48
4973  48
3173  48
3326  49
3238  49
3367  49
6700  49
3442  49
3676  49
3946  49
3465  49
5174  49
3219  49
3317  50
3385  50
3313  50
3423  50
3548  50
3530  50
3533  50
5245  50
4457  50
3824  50
3639  51
3887  51
7238  51
6966  51
4245  51
4015  51
3759  51
3662  51
3622  51
3727  51
3796  52
3865  52
3832  52
4002  52
7178  52
4062  52
3639  52
7371  52
4476  52
4165  52
4068  53
3927  53
3759  53
3889  53
3874  53
3960  53
7242  53
3855  53
3916  53
4145  53
4084  54
3991  54
4165  54
3897  54
4394  54
5405  54
4435  54
4094  54
4324  54
4507  54
7079  55
7149  55
4480  55
4392  55
6439  55
4030  55
6973  55
7055  55
4414  55
4236  55
7085  56
4393  56
4469  56
4585  56
4925  56
4659  56
5460  56
4340  56
4253  56
4260  56
5289  57
4568  57
4561  57
4446  57
4591  57
7758  57
6829  57
7071  57
4959  57
4861  57
4904  58
7105  58
5364  58
5224  58
4968  58
4602  58
4892  58
5427  58
6205  58
5333  58
5377  59
7080  59
7024  59
5378  59
5058  59
5576  59
4893  59
4739  59
4886  59
4810  59
6396  60
4824  60
5402  60
5958  60
5567  60
5443  60
5555  60
5428  60
6009  60
5582  60
5328  61
5246  61
5469  61
5257  61
5200  61
5199  61
5043  61
5327  61
5219  61
5106  61
6157  62
6323  62
6871  62
6979  62
6048  62
6017  62
5660  62
5417  62
6160  62
5774  62
5854  63
5568  63
5484  63
5902  63
5967  63
5983  63
9556  63
6239  63
6268  63
5862  63
6945  64
5815  64
5764  64
6411  64
6338  64
5989  64
5676  64
5953  64
6742  64
6206  64
5970  65
5823  65
6138  65
6036  65
6234  65
5913  65
6008  65
6337  65
5986  65
6025  65
6434  66
6443  66
6161  66
6706  66
7003  66
6559  66
6168  66
6056  66
6526  66
7111  66
6750  67
6322  67
6633  67
6411  67
7028  67
7240  67
6810  67
6555  67
7083  67
6536  67
6344  68
6575  68
7620  68
8697  68
6378  68
6619  68
6572  68
6598  68
7845  68
10611  68
7137  69
6793  69
6857  69
11410  69
6906  69
7140  69
7043  69
7556  69
7007  69
6823  69
6937  70
7116  70
7276  70
7583  70
7061  70
7065  70
7095  70
6939  70
7191  70
7287  70
7556  71
7566  71
7894  71
7249  71
7259  71
7559  71
7837  71
7564  71
7380  71
7167  71
8700  72
7444  72
7236  72
7576  72
7478  72
7737  72
7590  72
7164  72
7623  72
7968  72
8334  73
8405  73
8190  73
8336  73
7898  73
9477  73
9300  73
7781  73
7537  73
8209  73
8635  74
8843  74
8791  74
8287  74
7886  74
7860  74
8105  74
8357  74
8617  74
8463  74
8083  75
7910  75
8793  75
8693  75
8903  75
8471  75
7995  75
8753  75
8938  75
8578  75
9189  76
8875  76
9656  76
8988  76
9005  76
8688  76
8127  76
8268  76
9451  76
8551  76
8167  77
8755  77
9291  77
9410  77
9134  77
12243  77
8929  77
8554  77
8475  77
9189  77
13582  78
9373  78
11336  78
9694  78
8999  78
16845  78
9033  78
9266  78
8863  78
9371  78
9107  79
9304  79
9375  79
9297  79
9360  79
9397  79
9511  79
9331  79
9226  79
9816  79
9696  80
9619  80
9722  80
10073  80
9195  80
9801  80
9131  80
9524  80
9084  80
9003  80
10310  81
9519  81
10240  81
10008  81
10157  81
12753  81
11970  81
9643  81
11708  81
9247  81
12170  82
10282  82
10594  82
10462  82
10389  82
11072  82
10028  82
9581  82
10446  82
10052  82
10350  83
10661  83
10832  83
10946  83
10640  83
10208  83
12028  83
10526  83
9841  83
10440  83
10428  84
10616  84
10967  84
11057  84
11187  84
10971  84
11582  84
11074  84
10903  84
10992  84
11272  85
10769  85
10546  85
11829  85
11784  85
11227  85
11603  85
11211  85
10613  85
10775  85
18051  86
11408  86
10865  86
11407  86
12385  86
12790  86
11450  86
11451  86
11700  86
11725  86
11825  87
12121  87
11668  87
11797  87
11979  87
11851  87
11727  87
11978  87
11529  87
11495  87
11863  88
12057  88
11087  88
12225  88
11352  88
12034  88
11839  88
11681  88
11341  88
12355  88
13558  89
11861  89
18152  89
13987  89
12192  89
11654  89
12963  89
11713  89
11380  89
12391  89
12744  90
12761  90
12493  90
11908  90
12186  90
11614  90
12418  90
11847  90
12250  90
12822  90
12749  91
12137  91
16441  91
12493  91
12175  91
12540  91
13553  91
18168  91
12522  91
12399  91
12240  92
14271  92
12831  92
13480  92
12667  92
13766  92
14021  92
13152  92
12053  92
12624  92
13261  93
13095  93
13042  93
14121  93
13098  93
13133  93
14027  93
13205  93
13681  93
13382  93
12953  94
13962  94
12822  94
13136  94
13614  94
13129  94
13128  94
13697  94
13338  94
14765  94
13546  95
14465  95
14110  95
14937  95
15642  95
13299  95
15428  95
20046  95
13798  95
13347  95
14744  96
14779  96
14014  96
13178  96
17550  96
15061  96
17523  96
18240  96
26604  96
13703  96
17694  97
15572  97
14857  97
15669  97
14342  97
15517  97
19209  97
14292  97
14734  97
19936  97
16544  98
35715  98
16245  98
16164  98
14869  98
16038  98
15967  98
16007  98
17210  98
14910  98
16173  99
22002  99
18057  99
16842  99
16456  99
15970  99
29837  99
16019  99
33447  99
16272  99
20314  100
19230  100
20563  100
16356  100
17044  100
15958  100
20893  100
15452  100
16245  100
17182  100
19738  101
34317  101
17832  101
15665  101
18051  101
15779  101
16466  101
15555  101
16370  101
15763  101
20628  102
16693  102
16045  102
18174  102
16058  102
15922  102
16562  102
16988  102
16153  102
16990  102
16329  103
16262  103
15860  103
16487  103
16653  103
16121  103
16092  103
16526  103
16413  103
16600  103
16454  104
16580  104
17969  104
16755  104
16571  104
19514  104
16632  104
17631  104
17834  104
31033  104
17958  105
17215  105
16747  105
17612  105
18078  105
17958  105
16714  105
17826  105
17443  105
16776  105
17241  106
17235  106
17331  106
17375  106
17162  106
17755  106
17007  106
16969  106
21641  106
17276  106
18771  107
19198  107
18828  107
26157  107
17984  107
19272  107
19754  107
17062  107
17000  107
17355  107
18474  108
17777  108
18030  108
18182  108
18439  108
19170  108
18994  108
18542  108
17894  108
17557  108
20094  109
17943  109
18228  109
21192  109
17799  109
17909  109
18201  109
20079  109
18284  109
19199  109
45732  110
20994  110
23524  110
19663  110
14847  110
19356  110
18664  110
20279  110
18681  110
18420  110
21061  111
20442  111
18745  111
18834  111
23443  111
28824  111
21136  111
19155  111
20222  111
20959  111
20400  112
20484  112
25697  112
19882  112
20435  112
19346  112
19364  112
19941  112
20547  112
19154  112
19670  113
24198  113
21279  113
25509  113
24641  113
19944  113
30128  113
28895  113
19930  113
19514  113
20511  114
21296  114
26470  114
19848  114
24202  114
20917  114
20264  114
20407  114
20985  114
20644  114
21241  115
20833  115
21353  115
20896  115
20924  115
20340  115
20565  115
21934  115
20655  115
22226  115
23980  116
21963  116
21121  116
21226  116
20513  116
22792  116
20570  116
21074  116
20669  116
20435  116
20851  117
20991  117
23249  117
20665  117
23361  117
20932  117
21068  117
20636  117
20915  117
21435  117
24813  118
22846  118
23360  118
28150  118
24108  118
21411  118
23701  118
21555  118
27346  118
23546  118
21142  119
23308  119
21808  119
23721  119
23477  119
23387  119
22613  119
23668  119
21896  119
23745  119
22225  120
22887  120
21703  120
26745  120
27349  120
23226  120
22060  120
23173  120
24190  120
23531  120
24494  121
24695  121
22890  121
24163  121
22842  121
24295  121
22858  121
23578  121
22983  121
23908  121
24503  122
25347  122
26587  122
23530  122
22809  122
23823  122
24053  122
23841  122
23450  122
25823  122
23556  123
24129  123
22752  123
25243  123
23708  123
24090  123
23831  123
23917  123
27793  123
25477  123
25354  124
27404  124
26624  124
23940  124
26350  124
25188  124
23971  124
26827  124
24246  124
23625  124
24592  125
25001  125
25198  125
24134  125
24727  125
25107  125
24760  125
24479  125
25535  125
25361  125
24675  126
25181  126
24918  126
24716  126
25377  126
27226  126
24705  126
25349  126
24774  126
24769  126
25559  127
25887  127
25825  127
25425  127
25306  127
27235  127
30168  127
21719  127
26425  127
25824  127
26479  128
26751  128
26673  128
26879  128
27128  128
26529  128
26577  128
26085  128
26947  128
28887  128
28900  129
31002  129
29813  129
29946  129
29029  129
27138  129
27189  129
28331  129
25804  129
26252  129
26693  130
26876  130
26722  130
27040  130
26866  130
28854  130
28898  130
29323  130
27441  130
26764  130
29193  131
37315  131
29216  131
28130  131
26545  131
27252  131
28417  131
28757  131
29155  131
27550  131
28131  132
28151  132
28813  132
31169  132
30783  132
28942  132
32256  132
41092  132
28523  132
27599  132
28943  133
29634  133
29669  133
27329  133
28110  133
27419  133
28949  133
28157  133
30491  133
30297  133
29191  134
29375  134
41772  134
29436  134
30861  134
30175  134
30036  134
30985  134
30180  134
28461  134
29295  135
29219  135
30574  135
29659  135
28917  135
27982  135
32821  135
32526  135
41092  135
30802  135
34814  136
29360  136
31825  136
30660  136
29895  136
31117  136
29783  136
29390  136
29274  136
30810  136
33375  137
30671  137
30844  137
32071  137
30487  137
29718  137
33125  137
32431  137
31516  137
32083  137
30703  138
30848  138
30953  138
30148  138
30773  138
30199  138
30922  138
31695  138
34135  138
30596  138
31764  139
30131  139
33465  139
30884  139
32979  139
33551  139
31930  139
32785  139
32714  139
33385  139
36138  140
31601  140
31267  140
35790  140
31931  140
32754  140
32245  140
33156  140
32354  140
32280  140
35092  141
34367  141
32850  141
33926  141
33724  141
31556  141
32533  141
34535  141
34347  141
32416  141
32191  142
31916  142
32379  142
34989  142
36984  142
32431  142
32552  142
31899  142
32294  142
32865  142
35704  143
34389  143
32626  143
36385  143
33014  143
33708  143
33902  143
33741  143
33685  143
34040  143
34722  144
35213  144
39221  144
34479  144
33062  144
32502  144
31283  144
35766  144
33602  144
34131  144
34016  145
36283  145
33450  145
36259  145
35886  145
34174  145
37398  145
35573  145
33145  145
33843  145
34458  146
35655  146
34457  146
34181  146
38455  146
35355  146
34908  146
35195  146
35843  146
38795  146
36833  147
35373  147
38558  147
35013  147
36118  147
34395  147
35482  147
34782  147
32996  147
36501  147
35178  148
35788  148
36470  148
36219  148
43178  148
35037  148
35212  148
35336  148
35752  148
35406  148
35673  149
34952  149
35496  149
35740  149
35543  149
39479  149
39404  149
38449  149
36663  149
38833  149
37916  150
38894  150
38401  150
39160  150
38961  150
37044  150
36732  150
41641  150
40356  150
40598  150
36573  151
37303  151
39443  151
39563  151
38698  151
39276  151
36708  151
36608  151
39410  151
40689  151
38895  152
40212  152
36551  152
37231  152
39932  152
39562  152
42222  152
40610  152
39524  152
37074  152
40100  153
39887  153
39528  153
39675  153
44587  153
38716  153
37973  153
37952  153
37957  153
38448  153
39131  154
38971  154
41763  154
40984  154
38236  154
40073  154
42816  154
41157  154
41180  154
40991  154
41392  155
41028  155
41485  155
40419  155
38131  155
40391  155
38857  155
45679  155
38928  155
41680  155
39615  156
41476  156
40879  156
39504  156
39305  156
39635  156
40686  156
39920  156
44007  156
41480  156
41169  157
39783  157
43940  157
42643  157
41729  157
40031  157
41531  157
44170  157
44576  157
40201  157
42267  158
40531  158
40839  158
43789  158
43065  158
43559  158
43269  158
40699  158
41755  158
45152  158
43168  159
44669  159
40890  159
42227  159
42430  159
43983  159
42444  159
41793  159
41268  159
43437  159
42266  160
42228  160
52267  160
44478  160
43960  160
43889  160
43824  160
43886  160
42055  160
43377  160
45085  161
46598  161
43647  161
43995  161
42596  161
43164  161
42050  161
42509  161
41333  161
45080  161
45752  162
45105  162
46310  162
45286  162
42289  162
42473  162
42848  162
42592  162
43764  162
44023  162
43667  163
44761  163
44366  163
44687  163
51572  163
48333  163
44999  163
42862  163
43245  163
43843  163
43339  164
43601  164
47267  164
49125  164
46528  164
44833  164
47507  164
44324  164
46089  164
44177  164
44818  165
45244  165
44881  165
44521  165
52908  165
44723  165
47441  165
47063  165
43322  165
44313  165
44718  166
45029  166
44698  166
46712  166
46241  166
51299  166
46000  166
44204  166
47616  166
44533  166
46818  167
46630  167
48448  167
46582  167
47332  167
51885  167
47369  167
45352  167
44691  167
45204  167
46539  168
46580  168
46418  168
47591  168
47868  168
52926  168
46129  168
45725  168
46384  168
47297  168
46227  169
47681  169
50336  169
49925  169
50570  169
52725  169
47096  169
46117  169
46439  169
46529  169
47731  170
47392  170
47203  170
50477  170
51262  170
51224  170
50302  170
49068  170
46473  170
50670  170
50349  171
47509  171
48027  171
51134  171
48653  171
52814  171
48035  171
48484  171
48909  171
49385  171
52196  172
51426  172
51902  172
50108  172
52333  172
51949  172
48223  172
48249  172
47626  172
49051  172
50163  173
49208  173
53815  173
53761  173
52830  173
49564  173
48951  173
49952  173
49688  173
50969  173
51148  174
50383  174
51944  174
55207  174
51312  174
52628  174
52883  174
49017  174
49551  174
49821  174
50848  175
54670  175
55022  175
56440  175
50492  175
50225  175
50976  175
50569  175
50735  175
50704  175
52513  176
53519  176
51260  176
55862  176
54714  176
53856  176
53125  176
52869  176
53313  176
51732  176
57297  177
51649  177
53482  177
51329  177
51267  177
51835  177
72408  177
57660  177
52160  177
57331  177
53207  178
52741  178
53488  178
52755  178
53426  178
53424  178
53890  178
52419  178
61128  178
57279  178
52578  179
53208  179
54079  179
53291  179
53208  179
57967  179
59613  179
55014  179
53117  179
53245  179
56808  180
53385  180
54665  180
54377  180
58642  180
54578  180
54336  180
54540  180
57622  180
55877  180
64874  181
56875  181
56158  181
56431  181
61394  181
54471  181
55104  181
54846  181
55446  181
54625  181
55781  182
56618  182
55025  182
55999  182
54004  182
55339  182
55829  182
55448  182
57668  182
56714  182
58078  183
80981  183
56067  183
55964  183
55448  183
56344  183
55057  183
55586  183
57251  183
62922  183
59593  184
59004  184
57689  184
55145  184
55512  184
56616  184
57999  184
58498  184
59434  184
56984  184
57523  185
58412  185
57692  185
57313  185
62386  185
57662  185
70389  185
57563  185
56184  185
56736  185
57695  186
57458  186
58087  186
64491  186
59463  186
59690  186
58913  186
59111  186
57417  186
56824  186
58306  187
59924  187
61467  187
58240  187
57892  187
57189  187
58794  187
58362  187
56992  187
59159  187
63246  188
62250  188
58862  188
61142  188
61494  188
67944  188
63280  188
61301  188
69782  188
58440  188
62361  189
61461  189
59156  189
59749  189
63230  189
64481  189
70807  189
61618  189
61824  189
61544  189
61605  190
59992  190
64328  190
64361  190
63185  190
58871  190
60261  190
62654  190
62492  190
59769  190
62095  191
61437  191
62918  191
62666  191
62950  191
60337  191
60403  191
61708  191
62891  191
70828  191
61683  192
62412  192
61780  192
62128  192
63494  192
67853  192
62942  192
68494  192
63001  192
63653  192
64720  193
63824  193
64083  193
61064  193
70953  193
62307  193
63170  193
64063  193
63718  193
62201  193
62862  194
62472  194
63060  194
63219  194
65851  194
65806  194
61910  194
62840  194
64850  194
62945  194
68193  195
64191  195
64565  195
63241  195
63947  195
67271  195
69117  195
65457  195
63694  195
63655  195
65048  196
66038  196
65940  196
64807  196
68541  196
64839  196
65223  196
65321  196
65060  196
64654  196
67373  197
66184  197
65884  197
66014  197
66799  197
65783  197
65938  197
72727  197
71153  197
64442  197
65417  198
65421  198
65885  198
65956  198
65854  198
67107  198
69259  198
68724  198
64421  198
65667  198
66816  199
74639  199
67430  199
65943  199
66414  199
67362  199
70144  199
67279  199
71405  199
66119  199
70843  200
69049  200
68732  200
66917  200
67955  200
70177  200
66470  200
76465  200
66683  200
67126  200
67356  201
67224  201
66989  201
67982  201
79404  201
67916  201
68171  201
73702  201
70756  201
67405  201
71865  202
69163  202
68286  202
67416  202
68247  202
70201  202
72153  202
68935  202
79138  202
70469  202
69306  203
70744  203
70296  203
71361  203
70139  203
79518  203
69106  203
69133  203
68950  203
69006  203
75604  204
71305  204
70652  204
69720  204
70557  204
70681  204
72760  204
72226  204
88149  204
69372  204
73577  205
70525  205
74113  205
71039  205
72597  205
81605  205
70447  205
70184  205
69527  205
70786  205
74637  206
71705  206
72459  206
74045  206
73620  206
73228  206
73992  206
74734  206
78896  206
71851  206
71300  207
71783  207
74793  207
79432  207
71810  207
74367  207
74280  207
71790  207
70361  207
70765  207
72118  208
72870  208
72797  208
72850  208
72892  208
73028  208
74086  208
72808  208
73145  208
72506  208
73846  209
76738  209
75802  209
78569  209
76038  209
73066  209
74434  209
74812  209
72337  209
74513  209
73128  210
82321  210
76599  210
76685  210
76213  210
75530  210
77675  210
81016  210
75813  210
75590  210
78037  211
76453  211
74866  211
81375  211
73454  211
78212  211
77818  211
77583  211
80907  211
75157  211
78591  212
74094  212
77897  212
78137  212
78741  212
78591  212
78009  212
75127  212
76012  212
74534  212
76108  213
80746  213
86787  213
76225  213
77246  213
76379  213
77631  213
79477  213
79067  213
75772  213
78432  214
77516  214
78224  214
80609  214
80373  214
76648  214
75706  214
77049  214
77524  214
79608  214
85307  215
83374  215
76935  215
76523  215
76151  215
76542  215
79107  215
86166  215
78628  215
77194  215
77688  216
78230  216
81566  216
89932  216
78989  216
80754  216
78957  216
79104  216
84223  216
82931  216
82408  217
82152  217
82484  217
78654  217
84070  217
87504  217
78535  217
77930  217
79968  217
79143  217
83389  218
99879  218
79844  218
80767  218
80271  218
83796  218
81764  218
83827  218
81237  218
79565  218
79676  219
82181  219
84700  219
101716  219
83116  219
83711  219
80176  219
83523  219
81666  219
82015  219
84844  220
84424  220
83267  220
81450  220
82449  220
86319  220
83798  220
83535  220
85063  220
83941  220
77227  221
80615  221
81558  221
80585  221
81906  221
82716  221
83297  221
83874  221
80117  221
82473  221
82039  222
83601  222
85267  222
83106  222
81488  222
83322  222
83133  222
90029  222
87049  222
82706  222
83890  223
84506  223
87091  223
85564  223
88328  223
82139  223
82849  223
83152  223
82823  223
84169  223
92312  224
83761  224
84510  224
86212  224
86174  224
95889  224
83998  224
84954  224
84851  224
83458  224
85685  225
87206  225
88816  225
89021  225
86993  225
89203  225
84395  225
102472  225
84276  225
86492  225
88088  226
87103  226
90994  226
87317  226
86816  226
86244  226
89082  226
90673  226
82281  226
85834  226
87843  227
88512  227
93461  227
87211  227
86536  227
86354  227
85851  227
89452  227
89431  227
87642  227
88272  228
88045  228
90385  228
93908  228
96176  228
88745  228
87437  228
87640  228
88351  228
86816  228
88581  229
89162  229
88719  229
90034  229
99578  229
98024  229
89367  229
92121  229
87265  229
92534  229
88441  230
89113  230
91934  230
92987  230
92462  230
89316  230
99629  230
93224  230
91885  230
89030  230
94523  231
93612  231
93473  231
89339  231
90121  231
98373  231
93905  231
90836  231
91458  231
90787  231
93722  232
92031  232
90810  232
90742  232
94417  232
90649  232
91108  232
96369  232
89924  232
89364  232
93174  233
101491  233
101424  233
95068  233
93768  233
93045  233
98384  233
91965  233
91153  233
93069  233
93436  234
95909  234
97000  234
94479  234
91699  234
94949  234
95028  234
96754  234
98588  234
93763  234
94723  235
92545  235
93876  235
97336  235
94947  235
94289  235
92136  235
95928  235
95468  235
98010  235
93555  236
95606  236
95738  236
98085  236
95864  236
94074  236
93768  236
94633  236
95084  236
97247  236
96761  237
95343  237
92798  237
91958  237
94875  237
94964  237
94729  237
94321  237
95643  237
92867  237
93688  238
98206  238
97906  238
93635  238
95530  238
94801  238
97989  238
96517  238
96123  238
96031  238
97912  239
97041  239
95639  239
99379  239
94807  239
94268  239
95037  239
98683  239
102124  239
98193  239
95785  240
97965  240
97511  240
96607  240
96315  240
95679  240
95479  240
95476  240
97116  240
95525  240
95876  241
96432  241
98983  241
94802  241
106685  241
99259  241
95588  241
97012  241
96199  241
96326  241
96919  242
96194  242
99995  242
101710  242
99523  242
98337  242
98591  242
97514  242
102862  242
96484  242
100456  243
99297  243
96816  243
97084  243
100156  243
99762  243
99974  243
101306  243
101912  243
96867  243
98167  244
100992  244
101799  244
105915  244
97967  244
97726  244
100817  244
103632  244
106052  244
97732  244
101649  245
99954  245
106226  245
106072  245
98996  245
98595  245
102103  245
102622  245
98373  245
98699  245
100232  246
103572  246
105919  246
98708  246
102240  246
99791  246
100786  246
104555  246
101880  246
101121  246
102882  247
101017  247
105930  247
99929  247
99422  247
100564  247
99607  247
96980  247
99065  247
101351  247
100693  248
102228  248
101429  248
102609  248
99969  248
103260  248
103501  248
103018  248
102487  248
101994  248
104718  249
105538  249
99914  249
101277  249
100791  249
102073  249
99431  249
100716  249
104073  249
103921  249
103610  250
104945  250
104493  250
101545  250
100763  250
103449  250
105076  250
101962  250
100564  250
102660  250
103700  251
103097  251
103237  251
102858  251
106634  251
104257  251
104392  251
105070  251
104932  251
108689  251
105682  252
105934  252
103270  252
107623  252
103598  252
105367  252
103722  252
106217  252
103618  252
103658  252
103968  253
103278  253
108266  253
106641  253
104498  253
102837  253
101767  253
103731  253
103854  253
102766  253
103521  254
112612  254
108907  254
103187  254
102810  254
103881  254
112199  254
102279  254
103742  254
103062  254
108431  255
105726  255
103245  255
103675  255
105749  255
103898  255
109180  255
107037  255
103077  255
105813  255
114242  256
104944  256
107991  256
107366  256
101934  256
104027  256
104734  256
105356  256
104297  256
109303  256
105000  257
105506  257
109525  257
109044  257
103212  257
102711  257
104363  257
105834  257
109332  257
107451  257
106159  258
106826  258
105698  258
108521  258
108233  258
105460  258
106852  258
111732  258
107417  258
104310  258
109602  259
107446  259
107725  259
109223  259
107209  259
109754  259
109284  259
108757  259
106797  259
108978  259
107270  260
108961  260
107915  260
109945  260
107835  260
104743  260
108526  260
106390  260
111815  260
113794  260
110920  261
108040  261
110330  261
106594  261
107134  261
108747  261
104678  261
111427  261
109515  261
109804  261
106753  262
110994  262
111200  262
106685  262
108836  262
108342  262
107301  262
111371  262
110418  262
108826  262
112228  263
116671  263
110535  263
107104  263
112505  263
113424  263
110646  263
110729  263
106825  263
109353  263
112845  264
106377  264
113773  264
109035  264
105887  264
109362  264
108848  264
114771  264
117796  264
108459  264
112376  265
108819  265
112532  265
109824  265
109019  265
113517  265
112902  265
116352  265
108033  265
108861  265
112455  266
113519  266
110727  266
109673  266
110965  266
131149  266
111523  266
110871  266
110582  266
111378  266
112263  267
114173  267
110224  267
110939  267
113978  267
113544  267
109969  267
115039  267
118549  267
113773  267
109823  268
110911  268
114505  268
113773  268
109642  268
115036  268
109992  268
114778  268
107901  268
113604  268
111961  269
113104  269
112900  269
114782  269
112900  269
107828  269
112354  269
110173  269
112534  269
111895  269
110918  270
113681  270
111545  270
113077  270
109482  270
116349  270
114940  270
119584  270
113013  270
113883  270
116386  271
113008  271
112632  271
112459  271
113883  271
114958  271
116678  271
113715  271
112159  271
117227  271
122234  272
110062  272
115021  272
116805  272
116402  272
112867  272
114013  272
117041  272
116062  272
116902  272
113483  273
118320  273
111211  273
114907  273
112717  273
113724  273
114502  273
117509  273
116658  273
113245  273
119769  274
116105  274
118616  274
110699  274
112802  274
114657  274
115971  274
115973  274
114588  274
110125  274
114882  275
119005  275
119986  275
116374  275
112374  275
113660  275
114257  275
128692  275
114556  275
113615  275
113904  276
114823  276
112319  276
118614  276
115796  276
123962  276
111960  276
116507  276
116564  276
120243  276
116683  277
115236  277
115061  277
118650  277
114864  277
119734  277
118941  277
121355  277
117482  277
117269  277
115198  278
119901  278
114237  278
119866  278
120517  278
120725  278
114575  278
119557  278
117674  278
116360  278
116416  279
115354  279
121053  279
117356  279
116880  279
118924  279
115036  279
119735  279
118154  279
118007  279
119094  280
121257  280
117476  280
117413  280
121300  280
113446  280
118493  280
117311  280
117030  280
119349  280
117494  281
120162  281
118867  281
117684  281
122472  281
117051  281
120405  281
123239  281
123478  281
115667  281
119102  282
120734  282
120038  282
122509  282
120468  282
119221  282
119398  282
120898  282
125321  282
117587  282
119739  283
121344  283
122911  283
118178  283
117385  283
120231  283
118723  283
121987  283
117453  283
119083  283
120551  284
121304  284
123605  284
117723  284
117750  284
124635  284
118055  284
119632  284
121918  284
118613  284
118748  285
124379  285
122588  285
129304  285
122797  285
124676  285
118722  285
121870  285
118419  285
117809  285
126912  286
121605  286
118982  286
125407  286
118765  286
123557  286
117312  286
123578  286
121976  286
120883  286
119912  287
120639  287
132420  287
121244  287
119559  287
124864  287
119973  287
123032  287
119878  287
120377  287
126383  288
121603  288
121500  288
120073  288
122811  288
126375  288
124850  288
126000  288
119171  288
125465  288
124042  289
119129  289
126446  289
120943  289
124627  289
126103  289
129423  289
120418  289
120278  289
121572  289
129922  290
126678  290
126079  290
126994  290
126830  290
122677  290
120592  290
122164  290
118232  290
127925  290
126085  291
121716  291
122914  291
127701  291
120764  291
132032  291
126320  291
122119  291
128705  291
123165  291
122347  292
128119  292
122211  292
124665  292
123182  292
123837  292
120142  292
128043  292
125559  292
128514  292
123527  293
123406  293
126442  293
128820  293
123538  293
123470  293
126727  293
123038  293
124640  293
130283  293
129488  294
123871  294
123888  294
121470  294
126363  294
125372  294
124708  294
124888  294
124216  294
121764  294
126781  295
120362  295
124953  295
122094  295
121908  295
127106  295
130877  295
124948  295
123870  295
124013  295
129600  296
130756  296
123414  296
128312  296
129124  296
138050  296
124833  296
126122  296
127264  296
125685  296
127218  297
125313  297
129706  297
132700  297
124023  297
128454  297
118961  297
125877  297
126652  297
133148  297
132247  298
128838  298
124849  298
135081  298
125185  298
125902  298
129358  298
130702  298
124628  298
126845  298
133642  299
132820  299
126294  299
127647  299
130197  299
124542  299
126344  299
126611  299
138281  299
126812  299
129733  300
126554  300
135071  300
125810  300
131116  300
137632  300
129785  300
151171  300
126262  300
133757  300
