36376  3
36  3
41  3
35  3
28  3
46  3
47  3
43  3
50  3
41  3
47  4
58  4
52  4
65  4
57  4
46  4
44  4
42  4
49  4
50  4
62  5
51  5
51  5
50  5
56  5
58  5
51  5
61  5
61  5
46  5
86  6
97  6
64  6
64  6
61  6
64  6
60  6
68  6
64  6
79  6
81  7
77  7
75  7
83  7
106  7
100  7
101  7
106  7
131  7
81  7
106  8
122  8
122  8
119  8
121  8
89  8
90  8
92  8
115  8
136  8
132  9
132  9
154  9
134  9
135  9
173  9
142  9
118  9
117  9
129  9
152  10
156  10
160  10
125  10
126  10
123  10
129  10
124  10
147  10
126  10
227  11
146  11
147  11
147  11
143  11
147  11
104  11
143  11
204  11
160  11
200  12
171  12
169  12
166  12
169  12
171  12
172  12
201  12
172  12
193  12
242  13
198  13
205  13
190  13
266  13
231  13
232  13
203  13
191  13
195  13
266  14
227  14
215  14
217  14
250  14
266  14
269  14
328  14
245  14
217  14
247  15
286  15
356  15
352  15
304  15
265  15
250  15
250  15
313  15
317  15
370  16
331  16
367  16
380  16
276  16
278  16
385  16
277  16
274  16
325  16
366  17
392  17
306  17
306  17
305  17
359  17
304  17
309  17
306  17
307  17
423  18
419  18
338  18
340  18
392  18
393  18
418  18
419  18
373  18
342  18
406  19
408  19
405  19
407  19
380  19
377  19
379  19
378  19
376  19
469  19
508  20
520  20
409  20
414  20
495  20
495  20
474  20
475  20
416  20
508  20
556  21
464  21
462  21
455  21
474  21
559  21
533  21
451  21
452  21
484  21
534  22
634  22
497  22
496  22
554  22
557  22
518  22
721  22
635  22
616  22
752  23
574  23
820  23
568  23
623  23
627  23
619  23
643  23
554  23
541  23
580  24
723  24
725  24
582  24
578  24
585  24
581  24
648  24
656  24
719  24
792  25
841  25
834  25
679  25
656  25
636  25
634  25
754  25
756  25
646  25
696  26
872  26
870  26
677  26
810  26
809  26
707  26
674  26
675  26
867  26
875  27
736  27
732  27
784  27
896  27
902  27
728  27
728  27
842  27
743  27
775  28
907  28
966  28
877  28
870  28
927  28
775  28
780  28
860  28
781  28
836  29
852  29
838  29
850  29
996  29
875  29
867  29
832  29
830  29
851  29
879  30
887  30
960  30
886  30
886  30
946  30
889  30
888  30
900  30
881  30
1036  31
1045  31
1089  31
1059  31
1071  31
1058  31
1086  31
940  31
946  31
936  31
62870  32
1027  32
1001  32
1006  32
1534  32
1485  32
1129  32
1008  32
3810  32
998  32
1101  33
1177  33
2353  33
1063  33
1074  33
1273  33
1995  33
1064  33
1074  33
1534  33
2338  34
1130  34
1145  34
1399  34
2299  34
4385  34
1325  34
1655  34
1161  34
1185  34
1223  35
1525  35
1207  35
6901  35
7537  35
1214  35
1199  35
1602  35
5699  35
1267  35
1263  36
1448  36
1299  36
1291  36
3096  36
2083  36
7121  36
1662  36
1287  36
1264  36
1359  37
1480  37
1860  37
1428  37
1349  37
1389  37
1331  37
1925  37
1488  37
2713  37
1413  38
1655  38
1392  38
3143  38
2950  38
6706  38
3465  38
1458  38
4711  38
5209  38
1579  39
1472  39
1470  39
1473  39
1483  39
1661  39
19101  39
3456  39
3009  39
7507  39
1608  40
2023  40
1668  40
2986  40
1531  40
4417  40
1561  40
1580  40
1668  40
1579  40
1653  41
1902  41
3091  41
1630  41
1620  41
1612  41
1610  41
1962  41
1963  41
1637  41
1808  42
1710  42
2329  42
1694  42
1686  42
1855  42
1704  42
1834  42
1703  42
1700  42
2834  43
1780  43
1909  43
1982  43
5485  43
1916  43
3055  43
1784  43
1767  43
1774  43
2074  44
1870  44
1937  44
6460  44
1855  44
2064  44
4614  44
1846  44
6501  44
2603  44
1952  45
1929  45
4176  45
7449  45
2526  45
4101  45
1934  45
2311  45
1985  45
1974  45
2017  46
2275  46
4132  46
2020  46
2099  46
3273  46
2121  46
2061  46
2103  46
5398  46
2276  47
3117  47
2283  47
4995  47
2106  47
2197  47
2112  47
4540  47
2208  47
2160  47
2237  48
2278  48
2226  48
5926  48
2236  48
4122  48
3087  48
5107  48
2277  48
2310  48
3206  49
7583  49
7344  49
5434  49
2421  49
1787  49
3645  49
2342  49
2346  49
2458  49
3352  50
2464  50
2594  50
2419  50
2654  50
2524  50
2585  50
4170  50
6888  50
3427  50
2505  51
2595  51
6693  51
2511  51
2518  51
4533  51
2517  51
2925  51
2518  51
2490  51
2602  52
2602  52
2673  52
3882  52
2728  52
2746  52
2812  52
2807  52
2668  52
2616  52
2717  53
3736  53
2710  53
2735  53
2912  53
2803  53
7293  53
5439  53
2688  53
2820  53
2815  54
4756  54
2894  54
2800  54
2907  54
4563  54
2981  54
7200  54
3130  54
3106  54
2929  55
2945  55
2900  55
2917  55
3566  55
2908  55
3747  55
2881  55
3040  55
3080  55
3369  56
3354  56
6765  56
4880  56
3068  56
3082  56
3017  56
3319  56
3244  56
2991  56
3837  57
4760  57
3102  57
3089  57
3115  57
3200  57
5416  57
3356  57
4327  57
3123  57
3227  58
3274  58
3370  58
4446  58
3255  58
3203  58
3206  58
3212  58
3349  58
4482  58
4366  59
3526  59
3492  59
3663  59
3535  59
3495  59
3359  59
4486  59
3390  59
3317  59
6573  60
6714  60
4066  60
3609  60
3616  60
3735  60
3731  60
3601  60
3596  60
5005  60
3608  61
3844  61
4349  61
3719  61
3815  61
3852  61
4468  61
4107  61
3845  61
3627  61
3679  62
3714  62
3680  62
5644  62
3901  62
3805  62
4006  62
5700  62
3769  62
3730  62
4288  63
5852  63
4110  63
3918  63
3928  63
4252  63
3914  63
3832  63
3879  63
5492  63
7204  64
18977  64
4190  64
4112  64
4144  64
4193  64
4666  64
8770  64
12226  64
8684  64
7122  65
6144  65
6461  65
5056  65
4649  65
6904  65
4043  65
4022  65
4047  65
4035  65
4166  66
4165  66
4224  66
4135  66
4179  66
4209  66
4170  66
4148  66
4177  66
4319  66
4414  67
5662  67
6868  67
4291  67
4301  67
4290  67
4448  67
5787  67
4387  67
4718  67
4511  68
4602  68
5494  68
4570  68
4401  68
4570  68
4495  68
5192  68
4837  68
4524  68
5787  69
4567  69
9199  69
5996  69
4550  69
4623  69
4633  69
5595  69
4795  69
5470  69
6785  70
4697  70
4663  70
4807  70
4909  70
4768  70
5117  70
5124  70
5070  70
4790  70
4839  71
5039  71
4961  71
5225  71
5470  71
5265  71
6240  71
5375  71
5145  71
4976  71
5189  72
6818  72
5434  72
5157  72
5197  72
5014  72
5075  72
5393  72
5652  72
5335  72
6632  73
5437  73
5566  73
5445  73
5115  73
5451  73
5188  73
5267  73
5340  73
5375  73
5988  74
5447  74
5166  74
6108  74
5946  74
5684  74
6015  74
5852  74
5469  74
5202  74
5378  75
5367  75
5783  75
5633  75
5772  75
5445  75
5536  75
5339  75
5990  75
5899  75
5590  76
5684  76
5870  76
5579  76
6099  76
5606  76
5562  76
6581  76
5679  76
5512  76
5748  77
5864  77
6084  77
5904  77
5739  77
6103  77
6191  77
6234  77
6909  77
5839  77
6288  78
6044  78
5948  78
6023  78
6028  78
7994  78
5935  78
5864  78
8648  78
6455  78
6467  79
6093  79
6432  79
6491  79
5995  79
7831  79
6362  79
6442  79
6072  79
6260  79
6300  80
6559  80
7663  80
6469  80
6276  80
6320  80
6496  80
6805  80
7111  80
6616  80
6643  81
6589  81
6895  81
6391  81
6356  81
6716  81
6857  81
6393  81
6637  81
6513  81
6822  82
7266  82
6895  82
6853  82
6974  82
8687  82
6777  82
7170  82
6948  82
7565  82
6624  83
6927  83
7162  83
9732  83
6919  83
6682  83
7104  83
6892  83
7073  83
13438  83
7268  84
8934  84
7109  84
7216  84
7505  84
8035  84
6978  84
7156  84
7078  84
9025  84
7095  85
7009  85
7211  85
8643  85
7372  85
6959  85
7169  85
7737  85
7149  85
6969  85
7103  86
7498  86
7580  86
7917  86
7546  86
7328  86
7852  86
7276  86
7343  86
7148  86
7682  87
7285  87
7359  87
7477  87
7430  87
8073  87
7795  87
10644  87
7919  87
7231  87
7475  88
8025  88
8344  88
7945  88
8212  88
7477  88
7574  88
7698  88
7717  88
7449  88
7710  89
8331  89
7794  89
7771  89
7905  89
7674  89
7977  89
8021  89
7787  89
7706  89
8283  90
8632  90
8333  90
7751  90
7835  90
8340  90
7953  90
8203  90
7911  90
8389  90
7926  91
8726  91
9128  91
7977  91
8521  91
8609  91
8271  91
8427  91
8527  91
8082  91
8661  92
8071  92
8648  92
8176  92
8589  92
8647  92
9191  92
8463  92
8414  92
8201  92
9696  93
8612  93
8387  93
9922  93
8509  93
9005  93
9203  93
8674  93
9278  93
8693  93
8521  94
8789  94
8759  94
9473  94
8984  94
8700  94
8902  94
8983  94
9109  94
8530  94
9297  95
9357  95
10442  95
9019  95
9199  95
10610  95
9406  95
9154  95
10429  95
8963  95
8916  96
9593  96
9110  96
9723  96
10681  96
9357  96
9004  96
9525  96
8860  96
9421  96
9783  97
9714  97
9511  97
9013  97
9532  97
9402  97
9483  97
10989  97
9506  97
11036  97
10414  98
10613  98
9606  98
10987  98
10472  98
9932  98
10497  98
10031  98
9668  98
9808  98
9841  99
10438  99
10310  99
10274  99
10383  99
10086  99
10305  99
10036  99
10377  99
9982  99
9933  100
9715  100
10255  100
10626  100
10198  100
10256  100
10745  100
11173  100
11202  100
10624  100
10750  101
11116  101
10805  101
12068  101
10251  101
11683  101
10275  101
11478  101
10638  101
11489  101
10634  102
11164  102
11515  102
9914  102
10467  102
10630  102
10674  102
10036  102
10267  102
10287  102
10377  103
11124  103
12733  103
10927  103
11130  103
13230  103
11171  103
11223  103
10512  103
12160  103
10593  104
15550  104
11352  104
11227  104
10709  104
11113  104
11177  104
10876  104
11394  104
11039  104
10963  105
10918  105
11727  105
11554  105
10833  105
11306  105
11681  105
11287  105
11334  105
12485  105
11221  106
11659  106
11009  106
11519  106
11207  106
11340  106
11178  106
11687  106
11974  106
11783  106
10965  107
11662  107
11350  107
11387  107
11957  107
12263  107
13189  107
11682  107
12217  107
11572  107
11760  108
12564  108
12563  108
12237  108
11216  108
11743  108
11567  108
12438  108
11568  108
11756  108
11900  109
11888  109
11763  109
14587  109
11788  109
11737  109
11934  109
11975  109
12041  109
12403  109
12242  110
13191  110
12202  110
12928  110
12537  110
11595  110
12397  110
12345  110
12076  110
12196  110
12214  111
12244  111
12616  111
13688  111
12479  111
12297  111
12182  111
13036  111
14859  111
12915  111
13096  112
13458  112
14429  112
12570  112
12514  112
12368  112
12699  112
12545  112
12516  112
17667  112
12774  113
12970  113
15406  113
13448  113
13140  113
12638  113
13034  113
12802  113
12809  113
13283  113
13025  114
13140  114
13111  114
14333  114
12958  114
13033  114
13525  114
12989  114
13175  114
13104  114
18802  115
13398  115
13828  115
13977  115
14105  115
13295  115
13264  115
14215  115
13725  115
13264  115
13819  116
14921  116
13478  116
13694  116
13812  116
13612  116
13396  116
14062  116
13954  116
13658  116
13912  117
13835  117
13874  117
13767  117
13881  117
13991  117
13932  117
13732  117
14013  117
14546  117
13731  118
13763  118
14256  118
14240  118
14926  118
13926  118
13710  118
14225  118
14077  118
14169  118
14359  119
13946  119
14104  119
14317  119
14319  119
15114  119
15584  119
14233  119
17155  119
14744  119
14590  120
15618  120
12651  120
14746  120
16001  120
15068  120
14523  120
14812  120
14580  120
15867  120
15607  121
16000  121
14709  121
14977  121
14790  121
16723  121
16122  121
15790  121
16769  121
15118  121
15492  122
17286  122
20814  122
14951  122
16455  122
20428  122
14881  122
14994  122
15139  122
15545  122
15767  123
15845  123
15767  123
15271  123
15982  123
15730  123
15695  123
15609  123
15718  123
15566  123
15763  124
15435  124
15878  124
16356  124
16121  124
15626  124
15931  124
24632  124
16421  124
15960  124
16244  125
15777  125
16200  125
16085  125
16273  125
16064  125
16108  125
16113  125
15846  125
15419  125
28928  126
19726  126
15570  126
16795  126
15739  126
17120  126
16258  126
15853  126
16374  126
17688  126
16570  127
16523  127
16448  127
16640  127
16721  127
16714  127
16611  127
16610  127
16276  127
16616  127
16989  128
16702  128
17058  128
18931  128
18295  128
16972  128
22715  128
21477  128
16869  128
18264  128
18624  129
18829  129
17019  129
17338  129
17126  129
17119  129
16920  129
17204  129
17381  129
17493  129
18983  130
19682  130
22583  130
17375  130
17346  130
43973  130
18578  130
17563  130
17770  130
17379  130
18352  131
17776  131
19879  131
17853  131
17624  131
17791  131
17622  131
21166  131
17595  131
17348  131
19135  132
17933  132
19055  132
17719  132
17623  132
18429  132
18768  132
19445  132
19601  132
17939  132
20359  133
19906  133
19102  133
18601  133
18302  133
18102  133
18611  133
18417  133
20243  133
18732  133
19662  134
18574  134
21052  134
18445  134
20283  134
19659  134
20038  134
19618  134
19534  134
19204  134
18864  135
18659  135
18907  135
18725  135
18512  135
18770  135
18384  135
21155  135
22573  135
22410  135
19208  136
22575  136
20971  136
19253  136
18899  136
19217  136
20196  136
20413  136
23069  136
20964  136
20553  137
22959  137
21765  137
19628  137
20902  137
19298  137
21110  137
21329  137
22985  137
22115  137
19801  138
21707  138
22447  138
23769  138
22977  138
22437  138
19585  138
19476  138
20050  138
19676  138
21558  139
19852  139
22254  139
22437  139
22811  139
23188  139
30705  139
22680  139
20122  139
22840  139
22957  140
22576  140
23228  140
22745  140
22569  140
22757  140
22761  140
21894  140
22291  140
23536  140
20181  141
20897  141
22512  141
22983  141
22030  141
22463  141
22897  141
20489  141
22471  141
21200  141
23573  142
22479  142
22814  142
22526  142
22205  142
22319  142
22609  142
22532  142
22084  142
23957  142
22034  143
22154  143
22216  143
21352  143
21719  143
22407  143
22998  143
22446  143
22273  143
21352  143
22329  144
23465  144
22975  144
22143  144
23159  144
23294  144
21763  144
22968  144
23144  144
23227  144
24458  145
23490  145
23872  145
23154  145
22028  145
22765  145
21458  145
24635  145
21788  145
22398  145
26933  146
24609  146
23667  146
21972  146
22482  146
21881  146
22804  146
22575  146
22259  146
22504  146
22649  147
24394  147
24099  147
28414  147
22583  147
22800  147
24081  147
32077  147
22837  147
22388  147
25049  148
25007  148
22935  148
23137  148
24045  148
22766  148
22570  148
22729  148
22700  148
23532  148
24504  149
23561  149
32197  149
26535  149
23102  149
23532  149
23123  149
23655  149
23512  149
23205  149
23855  150
24179  150
23972  150
23887  150
24275  150
24351  150
24396  150
28569  150
23603  150
25642  150
23931  151
24029  151
24325  151
23777  151
24516  151
23729  151
23982  151
23927  151
23773  151
24721  151
24349  152
23715  152
28158  152
26717  152
25924  152
25699  152
25361  152
25660  152
25413  152
24315  152
24990  153
25092  153
26879  153
24306  153
24390  153
25593  153
28409  153
24615  153
26314  153
24743  153
24890  154
26882  154
26097  154
26318  154
26661  154
26968  154
26611  154
26604  154
24543  154
25442  154
25160  155
31696  155
26376  155
25346  155
26466  155
27142  155
26765  155
27156  155
26653  155
27416  155
27162  156
25440  156
25770  156
25951  156
47979  156
26178  156
28085  156
26185  156
25421  156
25752  156
26037  157
26068  157
27630  157
25959  157
28260  157
32812  157
27201  157
27498  157
26217  157
26098  157
28107  158
28671  158
28491  158
27545  158
27991  158
27760  158
28171  158
27299  158
25877  158
26417  158
28428  159
29832  159
32509  159
26930  159
26302  159
26756  159
27399  159
26950  159
29173  159
29001  159
26351  160
29341  160
28877  160
27157  160
27690  160
30032  160
27250  160
28495  160
27174  160
27217  160
27940  161
27158  161
29541  161
27329  161
27041  161
29429  161
26802  161
28473  161
28251  161
28144  161
27405  162
27402  162
28303  162
27864  162
27968  162
27708  162
27121  162
27556  162
28449  162
27537  162
30236  163
37112  163
29794  163
27737  163
27915  163
27854  163
28314  163
28884  163
27895  163
27616  163
28033  164
28352  164
29670  164
29192  164
30722  164
29316  164
33385  164
28087  164
28123  164
28740  164
29508  165
30787  165
29032  165
29059  165
28791  165
31322  165
31864  165
33959  165
29491  165
29180  165
29501  166
30343  166
30266  166
29818  166
29905  166
29580  166
29394  166
31309  166
32989  166
31326  166
28607  167
33677  167
30593  167
30414  167
30283  167
30552  167
30100  167
29898  167
29544  167
33924  167
32246  168
31096  168
34558  168
29855  168
30087  168
29722  168
29930  168
29750  168
30221  168
28908  168
32300  169
32036  169
33752  169
31086  169
45036  169
29971  169
32298  169
33237  169
32388  169
32681  169
32168  170
32448  170
32164  170
31853  170
30165  170
30958  170
35146  170
33681  170
30729  170
30367  170
31561  171
31181  171
32379  171
31222  171
31368  171
31855  171
33554  171
31666  171
31113  171
33990  171
33627  172
33795  172
33176  172
33044  172
34074  172
33253  172
31566  172
33745  172
31785  172
34828  172
31752  173
32635  173
31869  173
32268  173
32345  173
32282  173
32513  173
33869  173
35925  173
33388  173
34538  174
37213  174
33513  174
32050  174
32828  174
32308  174
32183  174
32393  174
32902  174
32443  174
35258  175
35629  175
39279  175
33352  175
32833  175
32884  175
32723  175
32810  175
33445  175
33063  175
32404  176
33829  176
36115  176
35439  176
33266  176
33879  176
34153  176
33945  176
33912  176
35865  176
35227  177
39752  177
34311  177
35490  177
34589  177
33539  177
33445  177
34502  177
32645  177
33525  177
34408  178
36368  178
38472  178
36924  178
47287  178
37766  178
37432  178
36211  178
36291  178
36019  178
36303  179
33522  179
36004  179
36090  179
34820  179
36079  179
35095  179
35430  179
34966  179
34114  179
35251  180
34807  180
37236  180
36368  180
36786  180
35337  180
36684  180
35133  180
36131  180
34889  180
36028  181
35550  181
36378  181
37996  181
37478  181
38585  181
36213  181
38283  181
37452  181
36936  181
36181  182
36496  182
38424  182
38437  182
37286  182
40474  182
38376  182
35518  182
35679  182
35958  182
36134  183
39619  183
37945  183
38899  183
45297  183
39684  183
37066  183
37532  183
38622  183
38219  183
37163  184
38086  184
37805  184
37327  184
36074  184
37779  184
39158  184
27038  184
45879  184
38470  184
39628  185
37686  185
37718  185
41498  185
44257  185
41022  185
36514  185
39615  185
39738  185
39457  185
39922  186
38337  186
39811  186
38065  186
38246  186
42032  186
47296  186
39083  186
40329  186
40172  186
39718  187
37318  187
38995  187
42062  187
39603  187
40505  187
41094  187
38131  187
38724  187
38421  187
38737  188
39100  188
41173  188
43599  188
40640  188
40122  188
39617  188
39844  188
38614  188
39366  188
39001  189
40126  189
39439  189
42988  189
41934  189
42510  189
41961  189
43101  189
41464  189
41407  189
39126  190
39691  190
45136  190
41752  190
41520  190
38768  190
41055  190
39368  190
39505  190
41911  190
41496  191
39771  191
43238  191
41985  191
41135  191
39863  191
39729  191
42798  191
40204  191
40228  191
42512  192
40444  192
43815  192
41372  192
40844  192
40307  192
42292  192
40738  192
41300  192
41047  192
43626  193
41152  193
43818  193
40860  193
40792  193
40322  193
40381  193
41033  193
40311  193
41656  193
42687  194
56005  194
41865  194
42503  194
42077  194
41584  194
41218  194
40982  194
41039  194
42245  194
43120  195
42417  195
42154  195
40870  195
44239  195
43737  195
43014  195
42569  195
42505  195
41582  195
41553  196
42753  196
41622  196
41951  196
42537  196
42445  196
44518  196
42514  196
43749  196
41068  196
42285  197
41775  197
42368  197
43195  197
44037  197
48775  197
44016  197
47992  197
42395  197
42527  197
42537  198
42732  198
42807  198
42613  198
42786  198
43000  198
44700  198
42731  198
43573  198
43365  198
43549  199
42730  199
43579  199
45570  199
45782  199
52806  199
44563  199
42801  199
44860  199
44936  199
43578  200
43102  200
46637  200
45871  200
43095  200
43131  200
43529  200
43626  200
43604  200
40496  200
48912  201
44990  201
48375  201
44925  201
43841  201
44414  201
44352  201
44314  201
44915  201
43982  201
46508  202
45187  202
47003  202
43979  202
47108  202
43960  202
46632  202
46911  202
43909  202
45352  202
50208  203
45083  203
45185  203
44022  203
44885  203
44681  203
51194  203
46202  203
47323  203
45507  203
45557  204
46120  204
46457  204
45914  204
45414  204
46838  204
46976  204
49095  204
47332  204
47937  204
45695  205
46968  205
46643  205
47120  205
47571  205
49111  205
47743  205
46394  205
46166  205
47996  205
48384  206
48010  206
48988  206
53052  206
46466  206
47525  206
47032  206
47878  206
49113  206
48674  206
48019  207
50828  207
50221  207
47162  207
47481  207
53512  207
49393  207
48572  207
46785  207
50857  207
47229  208
48019  208
47832  208
47797  208
49399  208
48252  208
52406  208
48588  208
66731  208
49338  208
48390  209
47878  209
48819  209
48442  209
49308  209
49530  209
48106  209
52006  209
47130  209
48164  209
48746  210
48740  210
53139  210
49484  210
39430  210
48870  210
49054  210
50750  210
47513  210
49366  210
49531  211
51782  211
54486  211
51623  211
53064  211
51208  211
49194  211
49120  211
52244  211
50289  211
49887  212
49127  212
49767  212
49342  212
50008  212
49481  212
53510  212
51738  212
49222  212
49821  212
52431  213
52363  213
48179  213
53121  213
49356  213
50989  213
50055  213
50085  213
50025  213
50067  213
50699  214
51193  214
57141  214
55707  214
51187  214
50079  214
50157  214
50067  214
54416  214
51956  214
54688  215
51072  215
51014  215
50890  215
51109  215
50748  215
52786  215
54720  215
49770  215
53102  215
53776  216
53378  216
50899  216
52925  216
51426  216
53386  216
50993  216
53030  216
53166  216
53327  216
50764  217
54455  217
52076  217
51168  217
53939  217
51598  217
51893  217
51608  217
57082  217
54160  217
55201  218
51787  218
52722  218
55432  218
54621  218
53400  218
52790  218
54423  218
52817  218
52265  218
53707  219
52633  219
53078  219
56160  219
67753  219
55351  219
54945  219
55030  219
54064  219
59694  219
53055  220
60203  220
52840  220
53885  220
52865  220
53367  220
52459  220
55210  220
59872  220
54828  220
53404  221
54638  221
53472  221
53306  221
58749  221
55539  221
56311  221
55448  221
56279  221
55926  221
55830  222
58319  222
53087  222
56582  222
56714  222
56168  222
53529  222
54686  222
54902  222
59778  222
60219  223
54217  223
56965  223
57996  223
57083  223
59359  223
57858  223
56426  223
53711  223
54346  223
59115  224
58125  224
55643  224
62117  224
58216  224
56840  224
56648  224
54774  224
55328  224
55163  224
55375  225
55856  225
57419  225
58073  225
57792  225
54622  225
58918  225
60911  225
58255  225
53550  225
56209  226
55999  226
56655  226
57325  226
70809  226
57952  226
58584  226
58518  226
58213  226
56578  226
57850  227
62362  227
58808  227
58925  227
58279  227
56077  227
64410  227
57607  227
56412  227
56529  227
57018  228
57147  228
59258  228
57078  228
67197  228
56612  228
56400  228
57425  228
56828  228
56601  228
57327  229
66102  229
57001  229
57578  229
57318  229
57900  229
57501  229
60975  229
64728  229
59474  229
60809  230
60981  230
56336  230
60365  230
60202  230
57639  230
57633  230
60558  230
59763  230
60387  230
57933  231
62167  231
60415  231
57535  231
58330  231
58130  231
60991  231
61484  231
57942  231
59117  231
59003  232
61239  232
58844  232
61981  232
60255  232
58388  232
58771  232
59107  232
60772  232
64185  232
59452  233
59473  233
59280  233
59708  233
60443  233
60541  233
61294  233
64641  233
62037  233
62522  233
61912  234
59499  234
61307  234
62805  234
62977  234
60687  234
60793  234
60226  234
60029  234
60549  234
63435  235
63007  235
62831  235
62047  235
63320  235
61700  235
59663  235
61086  235
62799  235
60114  235
60793  236
61612  236
61961  236
58625  236
60990  236
60325  236
61111  236
63102  236
65101  236
67923  236
63677  237
60706  237
63644  237
61962  237
65044  237
74102  237
61019  237
61230  237
61877  237
63087  237
65049  238
63309  238
62380  238
62527  238
62656  238
61442  238
62080  238
62200  238
64983  238
64343  238
64233  239
64925  239
64947  239
65528  239
69361  239
63846  239
62738  239
65664  239
62197  239
63480  239
68105  240
65592  240
65312  240
62642  240
65725  240
64021  240
62850  240
64231  240
64640  240
63186  240
63620  241
63859  241
70261  241
64112  241
63866  241
64846  241
63613  241
64781  241
79020  241
66774  241
66325  242
67208  242
66831  242
64379  242
72710  242
64377  242
65146  242
67327  242
66687  242
69743  242
67774  243
65198  243
65318  243
66113  243
66140  243
73931  243
65498  243
64475  243
66257  243
67640  243
68353  244
65596  244
68476  244
64939  244
68225  244
66066  244
67336  244
66577  244
66682  244
66517  244
67138  245
66286  245
68318  245
66659  245
68531  245
66127  245
65107  245
66233  245
66886  245
75333  245
68194  246
68345  246
68043  246
66473  246
69148  246
69687  246
70286  246
67232  246
67193  246
67600  246
72274  247
68426  247
67329  247
70461  247
69334  247
69304  247
71307  247
71364  247
70821  247
67935  247
69067  248
68894  248
76360  248
67515  248
67241  248
68482  248
73372  248
70430  248
68317  248
68070  248
67722  249
67766  249
69483  249
70214  249
70971  249
71438  249
71718  249
68212  249
70771  249
73220  249
68984  250
71207  250
70619  250
72360  250
70816  250
68384  250
68048  250
68647  250
68823  250
75921  250
82376  251
70553  251
69304  251
68617  251
72067  251
72315  251
72297  251
71654  251
68496  251
72444  251
76615  252
82848  252
69615  252
70413  252
70603  252
70645  252
75279  252
73350  252
72054  252
73497  252
70282  253
73557  253
72662  253
70765  253
70888  253
70928  253
72700  253
75810  253
70881  253
71558  253
71365  254
70660  254
73242  254
87825  254
74573  254
71897  254
70821  254
75907  254
73002  254
70783  254
71038  255
70621  255
73008  255
77034  255
74581  255
71282  255
72042  255
71846  255
71940  255
95840  255
74969  256
75458  256
75279  256
74108  256
77529  256
72368  256
72324  256
73055  256
76374  256
76726  256
79279  257
75850  257
75812  257
71861  257
75041  257
76916  257
72873  257
73406  257
74929  257
71461  257
79060  258
76446  258
75683  258
72055  258
73023  258
73170  258
74093  258
73365  258
73946  258
82813  258
74560  259
73916  259
74611  259
74104  259
74602  259
78569  259
83176  259
74465  259
78262  259
76992  259
74828  260
81541  260
75471  260
75065  260
77895  260
78229  260
83220  260
74780  260
77796  260
77856  260
75896  261
76610  261
78547  261
75268  261
80221  261
76673  261
76079  261
79245  261
78275  261
75483  261
75509  262
79185  262
89926  262
79368  262
75204  262
78470  262
76764  262
82501  262
76682  262
79809  262
78770  263
79662  263
78687  263
77366  263
78274  263
80175  263
76763  263
75578  263
76503  263
76348  263
77014  264
79079  264
76312  264
79910  264
77494  264
77947  264
81410  264
76490  264
77650  264
77547  264
80334  265
81407  265
77767  265
78051  265
78331  265
77806  265
82596  265
77402  265
78281  265
78674  265
79678  266
80639  266
78618  266
78187  266
82035  266
82334  266
79919  266
78641  266
78675  266
78843  266
82382  267
82727  267
79916  267
79618  267
80219  267
80772  267
84138  267
81502  267
77369  267
80212  267
79550  268
79592  268
83178  268
83077  268
82637  268
86652  268
103909  268
75937  268
79044  268
79563  268
81090  269
80890  269
80664  269
79889  269
80454  269
87933  269
82106  269
80179  269
80162  269
83966  269
81820  270
82484  270
84189  270
80251  270
91981  270
82594  270
80935  270
82854  270
83814  270
81400  270
87810  271
81477  271
82176  271
81157  271
85628  271
84153  271
81302  271
84417  271
80936  271
91061  271
87293  272
81309  272
82830  272
85720  272
84296  272
84997  272
82224  272
85435  272
81658  272
82624  272
83150  273
85075  273
81463  273
85397  273
83711  273
86681  273
82624  273
86757  273
86875  273
88062  273
82773  274
83463  274
85570  274
95019  274
84249  274
86606  274
83527  274
84263  274
88543  274
83549  274
84531  275
87360  275
84719  275
94547  275
86181  275
87032  275
83633  275
89143  275
86833  275
84247  275
83097  276
84665  276
86276  276
87847  276
83675  276
84627  276
87715  276
90999  276
85989  276
87593  276
87609  277
85571  277
89346  277
85718  277
87899  277
89846  277
86650  277
85020  277
84670  277
85545  277
88774  278
87185  278
85714  278
86248  278
87003  278
87621  278
92653  278
87796  278
85182  278
86664  278
92437  279
84966  279
87363  279
86601  279
84491  279
105954  279
84790  279
86391  279
86515  279
87903  279
88522  280
86712  280
87324  280
89546  280
88503  280
89728  280
87231  280
87560  280
89303  280
86437  280
90396  281
88578  281
87622  281
91126  281
89859  281
85668  281
86767  281
87804  281
90546  281
90601  281
89912  282
87831  282
88692  282
87207  282
88936  282
88982  282
90680  282
87817  282
87804  282
89255  282
88896  283
86124  283
88633  283
88214  283
90881  283
92158  283
88938  283
87974  283
87891  283
89126  283
95753  284
90527  284
87961  284
91539  284
90435  284
94685  284
88623  284
88928  284
91078  284
91067  284
89899  285
93313  285
89276  285
92233  285
91862  285
89642  285
89684  285
88693  285
87730  285
88352  285
89965  286
92157  286
90992  286
90852  286
89748  286
90518  286
92218  286
104777  286
92231  286
89484  286
93110  287
91377  287
91012  287
93715  287
89514  287
92069  287
90822  287
90730  287
90767  287
90431  287
92795  288
90341  288
91305  288
92655  288
93562  288
96808  288
90931  288
93587  288
92779  288
90675  288
92125  289
94713  289
89864  289
91971  289
88664  289
90867  289
95587  289
91125  289
94042  289
90852  289
91075  290
91947  290
92142  290
89970  290
91850  290
91329  290
96159  290
98765  290
91165  290
91971  290
94719  291
92111  291
94731  291
91737  291
92314  291
93362  291
95026  291
89484  291
91890  291
94691  291
83474  292
93115  292
92344  292
93040  292
93346  292
90949  292
92660  292
90525  292
100658  292
81915  292
91929  293
94162  293
93177  293
91879  293
92694  293
93360  293
92750  293
93914  293
94653  293
91302  293
93071  294
93496  294
99007  294
96240  294
94130  294
94625  294
92311  294
93679  294
93291  294
93479  294
93760  295
96324  295
92109  295
93171  295
93897  295
97718  295
94434  295
96296  295
97513  295
110938  295
94017  296
97170  296
90572  296
96276  296
93686  296
95499  296
93198  296
90496  296
92597  296
96307  296
93858  297
96864  297
98622  297
96420  297
93088  297
93862  297
93497  297
96963  297
95165  297
93856  297
94980  298
97670  298
94056  298
94582  298
94956  298
95052  298
94267  298
96646  298
98006  298
97538  298
97663  299
96074  299
94577  299
102475  299
97366  299
93988  299
94298  299
96860  299
98351  299
96801  299
94283  300
98300  300
95257  300
97076  300
95474  300
97727  300
102275  300
93774  300
97501  300
98986  300
