82  9
81  9
80  9
80  9
66  9
61  9
63  9
64  9
63  9
63  9
88  10
94  10
94  10
108  10
119  10
127  10
131  10
139  10
86  10
85  10
129  11
120  11
111  11
115  11
140  11
138  11
113  11
121  11
144  11
141  11
160  12
143  12
145  12
168  12
146  12
144  12
147  12
144  12
147  12
151  12
186  13
191  13
249  13
241  13
241  13
287  13
185  13
190  13
221  13
224  13
235  14
236  14
233  14
282  14
277  14
292  14
326  14
324  14
288  14
276  14
289  15
288  15
297  15
286  15
283  15
285  15
285  15
304  15
290  15
288  15
354  16
343  16
340  16
357  16
361  16
395  16
392  16
440  16
368  16
345  16
2905  17
409  17
750  17
4364  17
3643  17
476  17
6379  17
3523  17
728  17
895  17
7008  18
511  18
6215  18
6067  18
2588  18
7621  18
489  18
496  18
4933  18
3729  18
2924  19
7306  19
584  19
572  19
3122  19
3969  19
1958  19
2016  19
565  19
580  19
665  20
1915  20
2006  20
650  20
642  20
1600  20
1267  20
2514  20
2728  20
4422  20
901  21
2894  21
2518  21
3265  21
1593  21
2608  21
6701  21
1239  21
735  21
1745  21
821  22
993  22
1289  22
817  22
1101  22
7659  22
13394  22
1937  22
5811  22
3767  22
2584  23
970  23
1788  23
1047  23
1804  23
6837  23
957  23
6417  23
937  23
2225  23
1031  24
3879  24
2225  24
2178  24
1217  24
1223  24
1026  24
1503  24
3153  24
1594  24
2381  25
2060  25
1153  25
1277  25
2866  25
2744  25
3198  25
1122  25
2961  25
2746  25
1266  26
1249  26
1279  26
1726  26
2693  26
1263  26
1410  26
3499  26
2431  26
1377  26
2228  27
2642  27
1469  27
1487  27
1388  27
1401  27
2203  27
3237  27
1418  27
2162  27
2091  28
1578  28
1648  28
1516  28
1526  28
1519  28
1557  28
1905  28
2383  28
2684  28
1819  29
2053  29
2392  29
2163  29
1751  29
2070  29
2474  29
2555  29
1723  29
1681  29
1792  30
1788  30
1808  30
1911  30
3533  30
2347  30
2806  30
2042  30
1976  30
1854  30
1954  31
1967  31
1955  31
1964  31
1978  31
1949  31
5743  31
1949  31
4665  31
6357  31
2110  32
7564  32
4161  32
7352  32
7346  32
2166  32
2104  32
2168  32
2102  32
3715  32
2712  33
2290  33
2367  33
2623  33
2251  33
3572  33
2257  33
4955  33
2478  33
2350  33
2424  34
2627  34
2919  34
5995  34
3252  34
2490  34
2553  34
2503  34
3494  34
2454  34
2585  35
7437  35
2647  35
2603  35
4607  35
2643  35
2640  35
2920  35
3205  35
2979  35
2758  36
5222  36
2923  36
2971  36
5206  36
2767  36
2768  36
5607  36
2843  36
2763  36
3025  37
3067  37
3027  37
2950  37
3074  37
2940  37
2962  37
3150  37
3214  37
2914  37
3655  38
3137  38
3116  38
3178  38
3121  38
3186  38
3117  38
3143  38
7463  38
3112  38
3543  39
6654  39
3479  39
3517  39
3434  39
3491  39
3345  39
3364  39
4147  39
3353  39
3535  40
3756  40
3628  40
3617  40
3551  40
3578  40
4016  40
3648  40
3526  40
3517  40
3901  41
4221  41
4054  41
5578  41
3788  41
3746  41
3934  41
3743  41
3724  41
8274  41
4210  42
4145  42
4076  42
4790  42
5200  42
5951  42
3976  42
3981  42
4068  42
5754  42
4264  43
4855  43
4419  43
4251  43
7135  43
5790  43
8407  43
4533  43
4501  43
4687  43
4726  44
4562  44
4382  44
4787  44
4578  44
4787  44
5502  44
4653  44
7366  44
4381  44
4742  45
6280  45
4716  45
4594  45
4864  45
5757  45
5477  45
5095  45
4856  45
4595  45
4896  46
5483  46
4907  46
4815  46
4893  46
4978  46
6613  46
5363  46
5266  46
4864  46
7326  47
5233  47
5535  47
6817  47
5252  47
5474  47
5215  47
5100  47
5272  47
5478  47
7313  48
7223  48
5592  48
5360  48
5320  48
5630  48
5825  48
5625  48
7243  48
5858  48
6008  49
7664  49
5662  49
6046  49
5589  49
6062  49
6477  49
6107  49
5770  49
5698  49
5947  50
5852  50
6158  50
8936  50
6859  50
6157  50
7382  50
7253  50
8043  50
7689  50
6759  51
6463  51
6309  51
6905  51
6628  51
7202  51
6627  51
6907  51
6537  51
6546  51
6557  52
6804  52
7318  52
6952  52
6683  52
6436  52
7189  52
6826  52
7069  52
7157  52
6997  53
6870  53
8147  53
7421  53
7184  53
7092  53
6871  53
7147  53
7260  53
7212  53
8178  54
7698  54
7485  54
7222  54
7305  54
9061  54
8002  54
7928  54
7216  54
8114  54
7814  55
7567  55
7210  55
7655  55
7642  55
7613  55
7991  55
8586  55
7999  55
8155  55
10272  56
7992  56
7651  56
9077  56
8772  56
8395  56
7698  56
8116  56
8163  56
8047  56
10678  57
8301  57
8215  57
8688  57
8839  57
9148  57
7852  57
8844  57
8056  57
8451  57
8508  58
8728  58
8467  58
8898  58
10571  58
9534  58
8886  58
10558  58
8316  58
8291  58
9103  59
8918  59
9440  59
9416  59
9901  59
9176  59
8945  59
9331  59
9702  59
9270  59
9654  60
8990  60
9629  60
9008  60
9786  60
9978  60
10233  60
9999  60
10838  60
13659  60
9359  61
10943  61
12308  61
10018  61
10356  61
10444  61
10033  61
9911  61
9499  61
11049  61
11511  62
13370  62
9247  62
11002  62
9235  62
10511  62
11450  62
10248  62
10128  62
11751  62
10916  63
10871  63
11324  63
11274  63
10210  63
10316  63
12680  63
10627  63
10954  63
13071  63
11600  64
11261  64
10658  64
10511  64
10652  64
11351  64
12382  64
10767  64
10365  64
11654  64
11857  65
12165  65
11610  65
11164  65
11674  65
11577  65
11066  65
11571  65
11760  65
12930  65
11543  66
11681  66
11468  66
12684  66
14664  66
12470  66
11952  66
11911  66
11276  66
12588  66
12422  67
12353  67
11957  67
13900  67
12288  67
11771  67
12015  67
13567  67
13308  67
13208  67
13425  68
12270  68
12258  68
14194  68
12327  68
12504  68
12490  68
13385  68
12742  68
12442  68
13179  69
13392  69
13920  69
15562  69
13454  69
14198  69
12425  69
13495  69
13884  69
13237  69
14573  70
13627  70
13080  70
13958  70
15624  70
13004  70
13590  70
13159  70
14381  70
13949  70
14227  71
15528  71
14652  71
14210  71
13390  71
14014  71
14552  71
13993  71
14818  71
15109  71
14892  72
14969  72
14075  72
14608  72
14579  72
14072  72
17761  72
16625  72
15216  72
15315  72
15007  73
19467  73
14858  73
16729  73
14836  73
14464  73
14526  73
15177  73
19727  73
16001  73
16338  74
15397  74
16959  74
16343  74
16574  74
16662  74
17500  74
17666  74
16360  74
16214  74
16313  75
16565  75
16414  75
16095  75
16298  75
16275  75
15862  75
16301  75
16310  75
16294  75
16776  76
16927  76
18116  76
16494  76
17055  76
15902  76
15963  76
16401  76
17426  76
16845  76
17989  77
21786  77
16124  77
16669  77
17205  77
17016  77
17068  77
16811  77
16160  77
16560  77
17338  78
16929  78
18041  78
16517  78
16943  78
17442  78
17249  78
16952  78
17710  78
16630  78
17928  79
17917  79
18008  79
17991  79
18593  79
18807  79
19122  79
18461  79
17594  79
17747  79
19602  80
21710  80
19032  80
35112  80
18863  80
18518  80
19428  80
18225  80
18360  80
18683  80
19378  81
18443  81
19205  81
19040  81
18989  81
18782  81
19860  81
18915  81
18484  81
19122  81
19220  82
19791  82
20487  82
20664  82
22890  82
19634  82
20262  82
21754  82
18798  82
21491  82
20800  83
20626  83
20405  83
21332  83
20236  83
21118  83
19770  83
19693  83
20599  83
21429  83
20745  84
21351  84
21023  84
21129  84
20597  84
22153  84
20778  84
20717  84
21909  84
20872  84
21426  85
24942  85
21145  85
21142  85
25625  85
21419  85
24363  85
21476  85
27279  85
21571  85
23132  86
22287  86
23808  86
21756  86
21904  86
21628  86
21348  86
21397  86
21670  86
22456  86
23231  87
23592  87
22932  87
21895  87
21907  87
22825  87
25702  87
19618  87
24443  87
22908  87
22970  88
26105  88
33423  88
23112  88
22840  88
24492  88
22689  88
25143  88
22847  88
22584  88
25533  89
24355  89
25234  89
25305  89
23340  89
23896  89
25713  89
22991  89
23112  89
25522  89
28488  90
26485  90
24430  90
24746  90
27999  90
25169  90
25205  90
24579  90
24055  90
27272  90
28330  91
25811  91
26171  91
26930  91
25699  91
26236  91
25464  91
25183  91
24904  91
26045  91
25541  92
24769  92
25855  92
24915  92
25202  92
27146  92
26910  92
27220  92
25622  92
25702  92
25379  93
26147  93
25345  93
27000  93
26237  93
27012  93
25265  93
26525  93
25070  93
26241  93
26267  94
27617  94
25898  94
26492  94
26571  94
28688  94
27717  94
31213  94
29059  94
27764  94
28592  95
27643  95
28080  95
28314  95
28504  95
28528  95
27707  95
26783  95
26806  95
27160  95
28499  96
28555  96
28360  96
29118  96
28996  96
30057  96
27963  96
35384  96
28910  96
29512  96
30938  97
28472  97
28422  97
28493  97
30248  97
29305  97
28346  97
27972  97
28026  97
28530  97
29300  98
29727  98
29782  98
32052  98
29164  98
31556  98
29075  98
29249  98
28857  98
36041  98
38743  99
30414  99
29490  99
32551  99
29065  99
29940  99
29634  99
29263  99
29933  99
30363  99
30809  100
30493  100
30823  100
32406  100
32503  100
32335  100
32433  100
36606  100
47204  100
30936  100
30572  101
34216  101
32823  101
30821  101
30733  101
31240  101
30982  101
33075  101
31550  101
32669  101
32213  102
31782  102
31740  102
32719  102
36870  102
33388  102
32790  102
31538  102
34079  102
33666  102
34634  103
34032  103
34065  103
34652  103
33830  103
34487  103
31965  103
31895  103
34907  103
34302  103
32947  104
33836  104
33754  104
37782  104
37414  104
41340  104
33611  104
33462  104
34214  104
34455  104
36237  105
33307  105
34389  105
34639  105
34206  105
33817  105
34174  105
34408  105
34004  105
37388  105
41858  106
36791  106
46127  106
37558  106
34989  106
35934  106
35358  106
35397  106
35598  106
34305  106
35488  107
36054  107
38566  107
37751  107
35635  107
35834  107
36169  107
36761  107
37035  107
36654  107
38867  108
37383  108
36343  108
36436  108
37335  108
38766  108
38429  108
37679  108
38368  108
37719  108
38373  109
40535  109
40430  109
37736  109
37978  109
43053  109
38337  109
37894  109
42108  109
36658  109
39327  110
39515  110
37452  110
38884  110
37973  110
39219  110
39995  110
41329  110
39938  110
39885  110
38998  111
48835  111
39440  111
39224  111
39003  111
38740  111
40513  111
39370  111
39156  111
39164  111
40102  112
40127  112
43909  112
42784  112
40265  112
40526  112
40359  112
39339  112
40720  112
39863  112
40458  113
40196  113
40601  113
41493  113
42891  113
40852  113
41153  113
42014  113
41355  113
41826  113
46089  114
42924  114
41801  114
42288  114
41607  114
42497  114
43534  114
41585  114
41640  114
41172  114
42428  115
42160  115
43132  115
42272  115
43863  115
46668  115
42859  115
46919  115
41513  115
42460  115
43620  116
43236  116
43265  116
43671  116
42535  116
43231  116
43210  116
43249  116
48245  116
62755  116
44381  117
44128  117
43852  117
44190  117
44272  117
44325  117
43564  117
43972  117
43642  117
44911  117
48604  118
46693  118
51516  118
44697  118
46643  118
45700  118
45717  118
45296  118
46694  118
45908  118
46512  119
46547  119
46985  119
48991  119
51243  119
45801  119
48162  119
45531  119
45761  119
46383  119
47793  120
50334  120
47056  120
46418  120
46308  120
49212  120
49902  120
46563  120
46474  120
54784  120
48225  121
49866  121
48225  121
46412  121
47021  121
47626  121
46790  121
46991  121
46583  121
55036  121
50837  122
47818  122
56524  122
51983  122
50048  122
50802  122
50559  122
51110  122
50814  122
47730  122
50268  123
55569  123
50427  123
50671  123
54621  123
52651  123
51068  123
51417  123
51619  123
52252  123
51750  124
54437  124
53113  124
52743  124
53197  124
55866  124
58741  124
49427  124
50678  124
52068  124
53898  125
53618  125
53576  125
52672  125
54369  125
54637  125
51779  125
55569  125
58035  125
51922  125
50897  126
50569  126
51049  126
51302  126
50805  126
51186  126
51352  126
55924  126
53277  126
54892  126
56989  127
55440  127
55435  127
55586  127
54497  127
54908  127
54211  127
52547  127
53690  127
57246  127
54243  128
61694  128
52925  128
55136  128
52228  128
52517  128
52887  128
54137  128
56092  128
55493  128
56841  129
54595  129
52992  129
64406  129
57518  129
54870  129
55401  129
55004  129
53295  129
54566  129
55080  130
55536  130
60384  130
57376  130
68432  130
57450  130
56989  130
56336  130
56490  130
56619  130
56922  131
57163  131
57622  131
58204  131
59601  131
64242  131
60256  131
58868  131
58861  131
58983  131
59763  132
59862  132
56484  132
67579  132
61969  132
58723  132
62940  132
62227  132
57067  132
57220  132
58491  133
59626  133
62551  133
60941  133
67704  133
59099  133
61068  133
60741  133
57096  133
61788  133
61601  134
62786  134
62587  134
62578  134
66972  134
60695  134
61948  134
62593  134
59163  134
60036  134
61457  135
60947  135
60825  135
62306  135
61900  135
63007  135
63344  135
69336  135
60607  135
60895  135
61886  136
62432  136
62560  136
62216  136
61492  136
63359  136
60957  136
69962  136
57688  136
64936  136
62718  137
62521  137
63168  137
63464  137
66486  137
65858  137
66561  137
74712  137
61933  137
62607  137
64075  138
64570  138
64272  138
66682  138
65524  138
68515  138
65048  138
69158  138
69058  138
66411  138
67349  139
68505  139
64539  139
64538  139
65190  139
66370  139
70674  139
64469  139
64645  139
63583  139
65610  140
67363  140
65668  140
67443  140
67269  140
68388  140
81447  140
67235  140
66306  140
67291  140
67978  141
67328  141
66074  141
70315  141
67636  141
72573  141
68143  141
67512  141
66823  141
67449  141
68555  142
68033  142
67001  142
67562  142
69706  142
72074  142
66349  142
68011  142
68295  142
68508  142
69620  143
71605  143
71006  143
70618  143
72580  143
67788  143
67359  143
68575  143
67802  143
67253  143
69316  144
70465  144
70866  144
82084  144
72651  144
73435  144
69054  144
69968  144
69626  144
69911  144
73189  145
74697  145
76259  145
74384  145
74227  145
74096  145
73620  145
69424  145
71000  145
71673  145
74303  146
76084  146
72831  146
74402  146
75116  146
74464  146
75207  146
75394  146
71761  146
74519  146
78705  147
74142  147
72915  147
73088  147
73984  147
74728  147
74276  147
78222  147
74506  147
75927  147
72964  148
74473  148
74130  148
74233  148
75864  148
84525  148
75871  148
78283  148
74613  148
73810  148
75000  149
75273  149
75251  149
79879  149
75547  149
87212  149
73470  149
78171  149
77553  149
77738  149
79158  150
78765  150
79252  150
79506  150
78401  150
78628  150
74577  150
81791  150
78642  150
79109  150
75523  151
80530  151
79950  151
79742  151
75871  151
76747  151
77393  151
77534  151
86977  151
81869  151
86958  152
81397  152
78212  152
79319  152
78208  152
81500  152
77544  152
79312  152
87528  152
82803  152
78866  153
78337  153
78920  153
78958  153
84158  153
85408  153
88140  153
84153  153
79565  153
79192  153
81314  154
82697  154
83542  154
80847  154
85745  154
83380  154
83211  154
80244  154
80935  154
80767  154
82513  155
82261  155
82309  155
80475  155
82014  155
82125  155
82202  155
83378  155
85227  155
85492  155
82060  156
87071  156
80971  156
82550  156
82314  156
88101  156
87172  156
91796  156
85862  156
85302  156
86732  157
86245  157
86763  157
88250  157
81822  157
87404  157
86345  157
86538  157
86607  157
84069  157
89117  158
87023  158
91951  158
87527  158
83484  158
83303  158
84735  158
84813  158
85586  158
87113  158
92868  159
89202  159
84449  159
84745  159
90183  159
88349  159
91647  159
92201  159
86102  159
86426  159
87550  160
86057  160
86875  160
93657  160
91191  160
86501  160
86422  160
85952  160
87060  160
90548  160
89385  161
89357  161
91930  161
91932  161
91853  161
91194  161
91512  161
87856  161
88001  161
94582  161
89716  162
89592  162
94096  162
92096  162
94273  162
88605  162
96087  162
87646  162
93016  162
90411  162
90567  163
93450  163
92400  163
101685  163
95502  163
95521  163
93763  163
88901  163
90876  163
92390  163
108907  164
91354  164
91232  164
90138  164
91844  164
93482  164
95966  164
103259  164
93944  164
90545  164
98101  165
97233  165
94064  165
98568  165
91643  165
91720  165
92358  165
93139  165
94694  165
93686  165
99967  166
93890  166
93908  166
95529  166
94904  166
95665  166
99805  166
103499  166
97929  166
97971  166
100960  167
99354  167
100785  167
96046  167
99326  167
95234  167
95303  167
94132  167
96264  167
96606  167
99921  168
95285  168
100808  168
96248  168
97215  168
97723  168
96369  168
101525  168
101442  168
100446  168
101371  169
101663  169
99557  169
102239  169
99147  169
102421  169
101578  169
101122  169
96526  169
102309  169
100964  170
103771  170
98803  170
98517  170
98104  170
103264  170
100288  170
109348  170
102583  170
100819  170
103023  171
100262  171
104238  171
106704  171
99710  171
99282  171
99969  171
100282  171
100597  171
103292  171
100849  172
100798  172
101090  172
101809  172
101172  172
102310  172
106960  172
104270  172
105133  172
104129  172
105556  173
102062  173
103545  173
101178  173
101467  173
106126  173
104813  173
102794  173
104292  173
102634  173
102845  174
102742  174
102410  174
102219  174
110059  174
112830  174
106864  174
102194  174
103037  174
101675  174
108812  175
113155  175
103925  175
103569  175
103558  175
103727  175
102689  175
104058  175
103509  175
103339  175
106048  176
105463  176
107174  176
110854  176
103906  176
104412  176
104357  176
104655  176
105763  176
106057  176
104587  177
105338  177
109938  177
109644  177
111217  177
104894  177
104745  177
110278  177
109586  177
109605  177
109887  178
110991  178
111411  178
106357  178
107117  178
106288  178
106866  178
106818  178
111749  178
106432  178
107998  179
108283  179
108340  179
108554  179
112300  179
107254  179
108069  179
107883  179
108168  179
114356  179
115072  180
109793  180
108525  180
113829  180
112889  180
113256  180
108965  180
110950  180
107754  180
107408  180
109235  181
115272  181
104887  181
109001  181
108608  181
109438  181
112082  181
111581  181
109369  181
108178  181
110938  182
109649  182
112991  182
114097  182
110945  182
111676  182
108770  182
109852  182
118508  182
115343  182
112461  183
112892  183
111698  183
111572  183
112872  183
123278  183
110772  183
115475  183
114686  183
113477  183
114633  184
113173  184
112025  184
116844  184
116490  184
112619  184
115051  184
114147  184
112200  184
111689  184
114326  185
117752  185
115869  185
115777  185
116288  185
113366  185
117577  185
113186  185
113811  185
113993  185
112709  186
113896  186
115252  186
121364  186
113136  186
117971  186
118907  186
113527  186
117938  186
121006  186
113503  187
117839  187
114452  187
116060  187
116674  187
118740  187
114230  187
113828  187
118931  187
113376  187
119709  188
119749  188
115529  188
119877  188
118336  188
117198  188
116214  188
120143  188
119025  188
119997  188
126269  189
119962  189
117445  189
116896  189
117528  189
115299  189
117048  189
117900  189
116696  189
116244  189
121648  190
123128  190
122657  190
119416  190
116741  190
118131  190
117827  190
118346  190
120987  190
116215  190
118940  191
117285  191
120848  191
123839  191
125120  191
122182  191
121955  191
118343  191
121625  191
122107  191
122320  192
122977  192
118852  192
119759  192
128552  192
122406  192
118879  192
118514  192
122488  192
123966  192
122693  193
121568  193
120049  193
120774  193
123462  193
124100  193
125412  193
124176  193
121697  193
125806  193
119754  194
121758  194
121291  194
126645  194
122906  194
125260  194
121594  194
122085  194
120004  194
123517  194
125866  195
125692  195
121579  195
122595  195
126172  195
123497  195
123725  195
123514  195
123266  195
121066  195
123200  196
132632  196
127606  196
122912  196
124780  196
125237  196
127167  196
122890  196
122676  196
121576  196
124863  197
136817  197
125499  197
124183  197
127145  197
123607  197
124341  197
127540  197
128855  197
123510  197
123007  198
124681  198
125108  198
124883  198
128957  198
130190  198
125344  198
124235  198
126074  198
125899  198
125881  199
127259  199
127246  199
124579  199
126146  199
130416  199
132059  199
122230  199
127116  199
127888  199
126383  200
129009  200
131229  200
131470  200
132365  200
128806  200
125502  200
130646  200
125887  200
125637  200
132146  201
132863  201
127336  201
128726  201
131077  201
131735  201
127998  201
139238  201
125556  201
128728  201
129200  202
128545  202
132560  202
129509  202
129957  202
129537  202
127874  202
126934  202
127815  202
127616  202
133345  203
129230  203
130046  203
127815  203
128508  203
133924  203
130009  203
131224  203
132763  203
132983  203
128586  204
130950  204
129975  204
132102  204
130098  204
135458  204
138614  204
128127  204
128703  204
128955  204
131073  205
131114  205
130303  205
130024  205
131090  205
131425  205
134026  205
133995  205
131840  205
130962  205
137317  206
132661  206
131156  206
131466  206
130804  206
137730  206
143161  206
136183  206
135384  206
135167  206
132678  207
141320  207
136112  207
136101  207
131030  207
132512  207
140490  207
130668  207
130983  207
133138  207
132777  208
137131  208
132400  208
130023  208
132928  208
139016  208
135817  208
135712  208
131780  208
133698  208
133437  209
133437  209
134042  209
136042  209
133405  209
144514  209
139780  209
139775  209
136448  209
135369  209
137797  210
137980  210
134537  210
145914  210
137976  210
133189  210
135528  210
137450  210
140145  210
139620  210
133594  211
137535  211
142115  211
135763  211
142559  211
141293  211
138072  211
134432  211
143448  211
141855  211
139616  212
136655  212
137977  212
141793  212
141847  212
141324  212
144673  212
139561  212
136833  212
143219  212
142022  213
144220  213
143988  213
136007  213
135197  213
136305  213
145947  213
141876  213
138707  213
137102  213
138796  214
143617  214
143680  214
143310  214
143388  214
144437  214
142405  214
137589  214
136929  214
142384  214
139500  215
139039  215
145372  215
145434  215
141772  215
136726  215
138305  215
138335  215
140502  215
135501  215
139737  216
143300  216
140476  216
140775  216
141419  216
141073  216
147375  216
143448  216
147100  216
143821  216
139264  217
140446  217
145497  217
141978  217
142134  217
146448  217
140194  217
147982  217
138775  217
146445  217
141656  218
153889  218
141253  218
141009  218
146015  218
152635  218
141026  218
142309  218
148665  218
146519  218
146539  219
144721  219
149320  219
150262  219
148833  219
148863  219
149597  219
149004  219
149191  219
141953  219
150563  220
150402  220
147167  220
147740  220
142969  220
143636  220
144253  220
148876  220
153195  220
147821  220
147557  221
145421  221
139527  221
144800  221
144211  221
147707  221
150267  221
144092  221
151240  221
144112  221
148140  222
145555  222
153287  222
149750  222
151866  222
144871  222
146537  222
146186  222
145910  222
151424  222
147198  223
154437  223
145892  223
155554  223
147390  223
145579  223
145845  223
147332  223
147169  223
153845  223
154970  224
148544  224
153132  224
145488  224
148488  224
147341  224
156867  224
146927  224
148410  224
148085  224
164870  225
154523  225
155310  225
145996  225
150463  225
155381  225
155596  225
155808  225
157080  225
155988  225
153462  226
147761  226
148749  226
150721  226
149914  226
148989  226
144598  226
153229  226
152172  226
147484  226
150514  227
162383  227
157808  227
158866  227
149213  227
150561  227
148943  227
150743  227
158570  227
161428  227
150046  228
157283  228
152280  228
162573  228
159222  228
151003  228
150585  228
162568  228
150879  228
158703  228
161618  229
162417  229
150168  229
151246  229
158149  229
152820  229
151696  229
152190  229
160214  229
160899  229
164134  230
155675  230
154128  230
156856  230
151032  230
150530  230
160179  230
151823  230
158159  230
152786  230
152531  231
154093  231
161206  231
160064  231
151555  231
162781  231
149556  231
154082  231
154119  231
157278  231
164852  232
160932  232
152879  232
158863  232
154535  232
152619  232
152684  232
163862  232
175445  232
161490  232
163964  233
159513  233
154144  233
163114  233
161036  233
156326  233
155575  233
155046  233
159619  233
156192  233
156391  234
154862  234
153675  234
166045  234
162100  234
154472  234
156496  234
166798  234
162598  234
154066  234
158762  235
167672  235
156481  235
156052  235
166286  235
157152  235
158344  235
157636  235
163441  235
157855  235
159973  236
157039  236
162017  236
168553  236
159261  236
161191  236
157999  236
167670  236
166297  236
166405  236
166493  237
159135  237
157724  237
167009  237
157917  237
158592  237
162020  237
157707  237
169670  237
172729  237
160702  238
169155  238
161340  238
163139  238
166040  238
165467  238
161380  238
163193  238
168960  238
167410  238
160871  239
173776  239
159710  239
170739  239
159098  239
161256  239
170912  239
160163  239
164079  239
167750  239
171219  240
162410  240
181368  240
169387  240
160735  240
162017  240
171865  240
169604  240
166080  240
159695  240
169288  241
160968  241
160488  241
179303  241
164034  241
161641  241
168723  241
165417  241
174059  241
172619  241
164995  242
168310  242
163801  242
163851  242
181220  242
164888  242
164280  242
165423  242
179994  242
173460  242
174269  243
170724  243
168063  243
163975  243
163860  243
177639  243
160640  243
162930  243
173771  243
168234  243
165338  244
168270  244
167000  244
161489  244
167728  244
176018  244
173581  244
163960  244
166284  244
166158  244
168234  245
174771  245
171168  245
173665  245
181525  245
176993  245
174947  245
172982  245
166758  245
165366  245
172977  246
166151  246
166645  246
166070  246
167689  246
167486  246
178775  246
173006  246
175290  246
182489  246
177972  247
167869  247
168297  247
166913  247
167713  247
178683  247
182645  247
166598  247
168497  247
170967  247
177092  248
177789  248
167621  248
171811  248
171195  248
169308  248
181296  248
172404  248
167364  248
170496  248
174249  249
167550  249
170825  249
183237  249
183542  249
180543  249
177326  249
174593  249
179271  249
168752  249
184500  250
191072  250
167467  250
181944  250
182223  250
175422  250
175162  250
172412  250
182112  250
170295  250
182847  251
196766  251
170601  251
171790  251
183514  251
187867  251
183795  251
175847  251
174578  251
169001  251
174146  252
185378  252
175543  252
172941  252
184456  252
175015  252
179390  252
185123  252
179920  252
177942  252
173527  253
185047  253
173575  253
179261  253
180211  253
174216  253
176582  253
181557  253
186222  253
188352  253
179542  254
181086  254
176334  254
177126  254
187118  254
173946  254
173417  254
174691  254
174863  254
188583  254
181908  255
187767  255
187207  255
191337  255
187300  255
175359  255
192215  255
177954  255
177529  255
176952  255
181538  256
180443  256
179111  256
182565  256
186755  256
193830  256
180880  256
185807  256
177797  256
191858  256
185607  257
181470  257
180895  257
185540  257
187397  257
190243  257
190202  257
197460  257
188877  257
190643  257
182652  258
181774  258
181959  258
180491  258
188038  258
188299  258
181765  258
201097  258
194340  258
194090  258
199499  259
194546  259
180830  259
182329  259
187681  259
179054  259
181507  259
187047  259
179249  259
180584  259
183889  260
180984  260
194664  260
194445  260
194065  260
180394  260
183569  260
181146  260
181361  260
194545  260
185465  261
182311  261
194616  261
183348  261
184368  261
188697  261
182727  261
181703  261
184550  261
184697  261
186441  262
183416  262
184200  262
184163  262
183535  262
196161  262
193015  262
180226  262
195789  262
182003  262
187890  263
185384  263
192724  263
201974  263
183361  263
183852  263
186741  263
183965  263
184111  263
201986  263
207780  264
197552  264
185795  264
187281  264
185685  264
194012  264
208408  264
183354  264
197489  264
193374  264
182981  265
194374  265
188936  265
193765  265
182520  265
185992  265
190743  265
185594  265
185544  265
187017  265
194067  266
194507  266
188370  266
186158  266
198747  266
188466  266
204008  266
199146  266
195640  266
204595  266
197785  267
201331  267
191398  267
196423  267
197227  267
208192  267
195272  267
195228  267
205536  267
187723  267
189034  268
199214  268
202922  268
201689  268
188657  268
178967  268
196478  268
191596  268
212404  268
187744  268
204114  269
191357  269
188053  269
190466  269
192520  269
192998  269
192377  269
201280  269
204425  269
189320  269
208186  270
189744  270
190021  270
205197  270
185069  270
206470  270
195073  270
210170  270
190709  270
198550  270
195084  271
193017  271
205255  271
193741  271
191856  271
191173  271
216041  271
194950  271
191023  271
194170  271
201545  272
192498  272
194997  272
203466  272
192409  272
194994  272
196406  272
192187  272
197883  272
197804  272
193002  273
193784  273
198808  273
192994  273
208066  273
202865  273
192439  273
193715  273
196336  273
206885  273
193138  274
196721  274
208585  274
194435  274
208099  274
195399  274
196023  274
197295  274
193012  274
199892  274
197970  275
212672  275
197915  275
195880  275
217683  275
204564  275
211862  275
203787  275
197428  275
210985  275
221344  276
210620  276
208918  276
217597  276
211417  276
194823  276
221849  276
194603  276
205545  276
202894  276
200232  277
198412  277
218428  277
199052  277
214396  277
207930  277
198072  277
208420  277
219198  277
196635  277
199117  278
207855  278
212186  278
202868  278
209869  278
211163  278
213215  278
202925  278
208601  278
197894  278
200950  279
215304  279
212805  279
205045  279
210831  279
197515  279
226165  279
200083  279
199170  279
207970  279
202348  280
212230  280
207082  280
201050  280
201292  280
225536  280
200055  280
201178  280
223488  280
201112  280
217072  281
205940  281
202292  281
203087  281
208839  281
211908  281
202304  281
205946  281
214755  281
201347  281
207823  282
204654  282
218243  282
209565  282
220177  282
214267  282
210349  282
204849  282
203003  282
224234  282
205251  283
220788  283
206868  283
204937  283
206215  283
208102  283
204499  283
216568  283
205373  283
220068  283
204749  284
225102  284
207930  284
225822  284
208939  284
206456  284
207533  284
211093  284
222284  284
206620  284
228464  285
206178  285
209729  285
207194  285
208303  285
225886  285
217130  285
217305  285
222104  285
206871  285
209197  286
227747  286
210125  286
224915  286
209947  286
207791  286
209330  286
210590  286
225030  286
208541  286
231867  287
212180  287
209601  287
229576  287
209743  287
209497  287
232380  287
208176  287
209643  287
216804  287
221845  288
211952  288
228975  288
225420  288
227338  288
225377  288
220663  288
227393  288
210607  288
209422  288
230242  289
209683  289
222939  289
235624  289
210091  289
209426  289
213788  289
223777  289
212061  289
233129  289
212097  290
230167  290
205465  290
225172  290
230482  290
227414  290
222926  290
234107  290
212591  290
214134  290
232962  291
214156  291
229292  291
216094  291
229003  291
211650  291
216569  291
213141  291
214068  291
216232  291
215190  292
215764  292
235694  292
214103  292
233826  292
222867  292
226778  292
216678  292
214402  292
213644  292
217544  293
232072  293
231214  293
230189  293
227385  293
213521  293
222236  293
231173  293
233472  293
218741  293
229424  294
232312  294
213028  294
218795  294
215891  294
218587  294
227855  294
219211  294
226787  294
215140  294
222231  295
219552  295
218393  295
239581  295
233669  295
236732  295
216998  295
219611  295
235995  295
227727  295
235798  296
223934  296
235558  296
218765  296
223180  296
217908  296
231341  296
221522  296
218780  296
219680  296
223158  297
222649  297
221130  297
231590  297
220454  297
238009  297
242452  297
218747  297
240025  297
235335  297
221569  298
234786  298
223178  298
222309  298
233685  298
222605  298
223759  298
233655  298
237908  298
233189  298
235174  299
239224  299
216785  299
222178  299
242987  299
221436  299
221982  299
230229  299
239899  299
239281  299
226093  300
242509  300
241776  300
221606  300
224350  300
226957  300
234959  300
222327  300
244617  300
224864  300
