37  5
26  5
27  5
29  5
29  5
28  5
36  5
41  5
39  5
31  5
37  6
37  6
48  6
48  6
82  6
50  6
41  6
37  6
36  6
41  6
58  7
69  7
78  7
64  7
51  7
51  7
64  7
74  7
67  7
55  7
70  8
70  8
88  8
88  8
74  8
70  8
70  8
95  8
95  8
103  8
132  9
151  9
147  9
139  9
90  9
99  9
122  9
123  9
95  9
93  9
121  10
142  10
141  10
145  10
157  10
170  10
132  10
131  10
117  10
116  10
141  11
186  11
186  11
219  11
209  11
195  11
222  11
221  11
150  11
145  11
197  12
197  12
196  12
226  12
226  12
245  12
190  12
173  12
173  12
225  12
269  13
278  13
279  13
268  13
272  13
271  13
258  13
260  13
258  13
289  13
345  14
360  14
261  14
258  14
298  14
284  14
321  14
308  14
306  14
331  14
405  15
408  15
285  15
286  15
303  15
306  15
358  15
300  15
288  15
285  15
330  16
329  16
346  16
384  16
384  16
430  16
432  16
340  16
357  16
385  16
424  17
378  17
381  17
375  17
499  17
423  17
423  17
530  17
509  17
531  17
425  18
425  18
436  18
460  18
516  18
356  18
553  18
566  18
453  18
452  18
554  19
647  19
506  19
504  19
601  19
541  19
602  19
672  19
626  19
474  19
529  20
546  20
530  20
537  20
532  20
534  20
531  20
530  20
530  20
533  20
608  21
606  21
742  21
597  21
651  21
589  21
611  21
592  21
592  21
755  21
670  22
666  22
935  22
802  22
731  22
717  22
818  22
847  22
662  22
650  22
890  23
871  23
898  23
727  23
719  23
866  23
726  23
718  23
841  23
843  23
784  24
784  24
784  24
903  24
884  24
807  24
784  24
888  24
914  24
781  24
860  25
904  25
905  25
1206  25
854  25
853  25
855  25
1000  25
1008  25
1148  25
1049  26
1076  26
1128  26
923  26
1249  26
1096  26
950  26
924  26
1070  26
1053  26
1140  27
1110  27
1004  27
1366  27
1068  27
1267  27
1265  27
1007  27
1009  27
1537  27
1331  28
1210  28
1191  28
1088  28
1317  28
1228  28
1313  28
1121  28
1093  28
1274  28
1240  29
1180  29
1184  29
1321  29
1176  29
1169  29
1580  29
1207  29
1204  29
1371  29
1257  30
1259  30
1507  30
1545  30
1272  30
1338  30
1458  30
1530  30
1488  30
1254  30
1458  31
1344  31
1346  31
1500  31
1487  31
1360  31
1358  31
1569  31
1372  31
1351  31
1444  32
1629  32
1681  32
1684  32
1443  32
1434  32
1627  32
1434  32
1451  32
1568  32
1532  33
1531  33
1876  33
1790  33
1745  33
1694  33
1659  33
1588  33
1640  33
1555  33
1645  34
1753  34
1639  34
1644  34
1731  34
1629  34
1645  34
1776  34
1635  34
1845  34
1967  35
1757  35
1735  35
1730  35
1863  35
1740  35
1742  35
1941  35
2380  35
1904  35
1830  36
2255  36
1844  36
1832  36
1951  36
1897  36
2094  36
1966  36
1892  36
1515  36
2208  37
1955  37
2109  37
2144  37
1968  37
1959  37
1990  37
1943  37
2071  37
2010  37
2259  38
2055  38
2065  38
2344  38
2257  38
2142  38
2289  38
2062  38
2056  38
2058  38
2233  39
2319  39
2238  39
2178  39
2396  39
2425  39
2181  39
2192  39
2194  39
2264  39
2364  40
2337  40
2294  40
2915  40
2790  40
2607  40
2529  40
3509  40
2374  40
2367  40
3056  41
2894  41
2749  41
2634  41
2638  41
2560  41
2428  41
2544  41
2649  41
2528  41
2550  42
2630  42
2752  42
2613  42
2545  42
2583  42
2586  42
2560  42
2702  42
2929  42
2889  43
2797  43
2674  43
2921  43
2895  43
2888  43
2937  43
3001  43
2856  43
2751  43
2835  44
2802  44
2791  44
3086  44
2974  44
2887  44
3071  44
2988  44
2999  44
2809  44
3247  45
3106  45
2928  45
2975  45
3744  45
3476  45
3338  45
3212  45
3029  45
2919  45
3085  46
3167  46
3914  46
3628  46
3566  46
3320  46
3188  46
3080  46
3328  46
3282  46
3545  47
3407  47
3238  47
3222  47
3359  47
3209  47
3230  47
3347  47
3207  47
3367  47
3458  48
3845  48
3800  48
3637  48
3470  48
3434  48
3612  48
3824  48
3628  48
3439  48
3511  49
3583  49
4295  49
4015  49
4247  49
3871  49
3660  49
3641  49
3530  49
3846  49
4671  50
4327  50
4182  50
3901  50
3865  50
3938  50
3734  50
3886  50
4416  50
4331  50
5402  51
4216  51
4654  51
4335  51
4083  51
4059  51
4575  51
4482  51
4305  51
4164  51
4102  52
4285  52
4326  52
4685  52
4665  52
4397  52
4420  52
4384  52
4327  52
4139  52
4376  53
4224  53
4555  53
4569  53
4408  53
4441  53
5027  53
4700  53
4408  53
4422  53
4780  54
4650  54
4753  54
4857  54
4845  54
4489  54
4705  54
4585  54
4503  54
4606  54
4936  55
4951  55
3270  55
4765  55
5164  55
5286  55
4980  55
4945  55
4566  55
5162  55
5086  56
4985  56
4993  56
5145  56
5368  56
5316  56
5343  56
6119  56
5278  56
5281  56
5277  57
6276  57
5913  57
5528  57
5160  57
5397  57
5810  57
5569  57
5158  57
5033  57
5079  58
6737  58
5909  58
5694  58
5339  58
5125  58
5901  58
5982  58
5479  58
5204  58
5213  59
5661  59
5846  59
5766  59
6392  59
5889  59
5504  59
5195  59
5305  59
5412  59
5524  60
5870  60
5742  60
5983  60
5796  60
5688  60
5680  60
5713  60
5960  60
5993  60
5936  61
6047  61
5824  61
5696  61
5950  61
6220  61
6770  61
6346  61
5902  61
5647  61
6106  62
6258  62
6905  62
6543  62
5977  62
6144  62
6616  62
6927  62
6700  62
6325  62
6338  63
6944  63
7031  63
6552  63
6642  63
7118  63
6507  63
6111  63
6512  63
6526  63
7092  64
6483  64
6471  64
6966  64
6945  64
6551  64
7601  64
7056  64
6509  64
6612  64
7291  65
7023  65
7310  65
6725  65
7405  65
7594  65
7294  65
6818  65
6776  65
6776  65
7958  66
7326  66
7898  66
7700  66
7109  66
6759  66
7412  66
7103  66
7161  66
7210  66
7767  67
7936  67
7346  67
7407  67
7188  67
7876  67
8507  67
7734  67
7423  67
6945  67
7986  68
7699  68
7546  68
9273  68
8592  68
8063  68
7623  68
7808  68
8465  68
8026  68
7516  69
7426  69
8218  69
8626  69
8683  69
8022  69
7683  69
7812  69
8270  69
8418  69
8987  70
12275  70
7945  70
7921  70
8324  70
7904  70
7950  70
8323  70
8061  70
8467  70
8592  71
8731  71
8138  71
8475  71
8439  71
8831  71
9159  71
9037  71
8613  71
8198  71
10047  72
8692  72
8110  72
8726  72
8584  72
8493  72
8472  72
8650  72
9514  72
9632  72
8613  73
8971  73
9743  73
9940  73
11130  73
8595  73
11444  73
8893  73
9375  73
10442  73
9667  74
9473  74
9735  74
9032  74
8803  74
9452  74
9680  74
9215  74
9022  74
9428  74
9920  75
9559  75
9595  75
9658  75
10488  75
9648  75
10240  75
10003  75
9880  75
10295  75
9710  76
9368  76
9778  76
9696  76
9805  76
10674  76
9705  76
9632  76
11333  76
9571  76
10218  77
10290  77
9440  77
9782  77
9851  77
10022  77
11844  77
10996  77
9846  77
9670  77
10122  78
11150  78
10817  78
11010  78
11265  78
10739  78
10691  78
10880  78
10572  78
10854  78
10868  79
9979  79
10700  79
10200  79
10498  79
10452  79
10926  79
10285  79
10722  79
10658  79
11172  80
10883  80
10682  80
11036  80
11092  80
10565  80
11349  80
10561  80
11305  80
13367  80
11750  81
10596  81
10736  81
12668  81
11376  81
11456  81
12054  81
10944  81
11246  81
10696  81
11230  82
12129  82
12015  82
11149  82
11426  82
10929  82
11240  82
11241  82
11113  82
11237  82
12987  83
12605  83
11865  83
11523  83
11402  83
11522  83
12004  83
11474  83
11672  83
11334  83
12099  84
11710  84
12534  84
12362  84
12459  84
11719  84
12285  84
12360  84
12718  84
11370  84
13545  85
12595  85
12322  85
12366  85
13332  85
11692  85
12233  85
12012  85
12859  85
12043  85
12965  86
12346  86
12694  86
12871  86
12635  86
12526  86
12247  86
12106  86
13469  86
12204  86
13196  87
12878  87
12690  87
12409  87
13208  87
12842  87
12790  87
14271  87
14182  87
13922  87
12622  88
12962  88
23019  88
13665  88
12908  88
13137  88
13138  88
13671  88
13173  88
13247  88
14582  89
16091  89
13890  89
13272  89
14401  89
13206  89
13676  89
13561  89
13392  89
13723  89
13827  90
13744  90
13969  90
13872  90
13887  90
14011  90
13836  90
14332  90
13930  90
13657  90
14351  91
17084  91
16833  91
16021  91
15296  91
15422  91
15668  91
14125  91
14573  91
15655  91
14459  92
14657  92
16105  92
14692  92
15417  92
15130  92
14478  92
14760  92
14868  92
15838  92
15519  93
16135  93
15099  93
15999  93
15209  93
18865  93
14745  93
16064  93
14659  93
14859  93
15080  94
23523  94
15041  94
23152  94
16209  94
15685  94
15343  94
14883  94
14865  94
16173  94
17028  95
14860  95
16089  95
15294  95
16101  95
15394  95
16129  95
15430  95
15426  95
15671  95
15756  96
17059  96
22094  96
15529  96
16105  96
16629  96
15934  96
17958  96
15869  96
22250  96
16468  97
17235  97
17315  97
17639  97
17178  97
16422  97
17652  97
16556  97
17137  97
17094  97
16600  98
16201  98
16322  98
16340  98
17924  98
17259  98
18318  98
17040  98
17185  98
19689  98
17054  99
20102  99
17059  99
17534  99
20015  99
19908  99
17865  99
16401  99
16977  99
16800  99
17768  100
17381  100
17968  100
17524  100
17599  100
17578  100
17870  100
17694  100
18271  100
17068  100
17110  101
18374  101
18193  101
17655  101
21006  101
17901  101
17279  101
20491  101
19406  101
18727  101
18841  102
18047  102
19439  102
18997  102
17808  102
18515  102
18865  102
17445  102
17551  102
17952  102
19339  103
18249  103
18220  103
18177  103
18415  103
18182  103
18169  103
21088  103
18017  103
18431  103
18717  104
18965  104
19090  104
20921  104
18939  104
18862  104
18948  104
18907  104
18424  104
18773  104
19435  105
19644  105
19151  105
19624  105
19913  105
19866  105
19742  105
18736  105
19028  105
20145  105
20531  106
20888  106
20142  106
21579  106
19202  106
20364  106
20092  106
19518  106
19570  106
20666  106
21166  107
20083  107
20273  107
20553  107
19961  107
20178  107
20313  107
19735  107
19908  107
19449  107
20076  108
20640  108
26829  108
23200  108
20160  108
20126  108
20462  108
21032  108
21964  108
20928  108
21726  109
22195  109
22469  109
21673  109
21468  109
22697  109
22218  109
21613  109
22145  109
21892  109
22388  110
21983  110
22225  110
22745  110
20352  110
20869  110
24350  110
23479  110
20999  110
21488  110
23209  111
22754  111
22289  111
21414  111
23420  111
23108  111
22580  111
21939  111
21398  111
22118  111
21510  112
21705  112
22413  112
21594  112
24201  112
23839  112
21614  112
22259  112
25842  112
21827  112
22930  113
25825  113
23787  113
23910  113
24021  113
23972  113
22038  113
24413  113
24056  113
24195  113
22173  114
22215  114
22485  114
24102  114
24176  114
24601  114
22543  114
24859  114
26709  114
23607  114
23504  115
23591  115
23409  115
23618  115
23729  115
23377  115
25339  115
23417  115
22758  115
23440  115
23481  116
23783  116
24682  116
23732  116
23429  116
23982  116
25629  116
31081  116
25631  116
24847  116
25902  117
26205  117
25810  117
25774  117
24974  117
25780  117
24238  117
24169  117
24146  117
24400  117
24576  118
29941  118
26176  118
25647  118
24344  118
24507  118
25518  118
26719  118
25392  118
24444  118
25090  119
25056  119
27061  119
25084  119
24728  119
25509  119
24564  119
24740  119
27070  119
25214  119
26882  120
26986  120
27334  120
30463  120
24964  120
28294  120
25365  120
25092  120
25620  120
25687  120
26443  121
26258  121
25784  121
28918  121
28308  121
27312  121
26325  121
19432  121
28543  121
27453  121
28367  122
38665  122
27167  122
29054  122
28398  122
28585  122
26794  122
26836  122
27366  122
25786  122
28549  123
26661  123
27426  123
26810  123
26971  123
27339  123
30118  123
30905  123
26460  123
27472  123
27957  124
28123  124
27744  124
27970  124
30465  124
27961  124
28352  124
26904  124
27294  124
27633  124
33176  125
29806  125
29326  125
30049  125
31867  125
28430  125
28809  125
28045  125
28437  125
28535  125
29211  126
28956  126
28911  126
28728  126
28825  126
29090  126
29870  126
29416  126
29309  126
31037  126
29687  127
29203  127
29138  127
29743  127
29669  127
28826  127
29018  127
29741  127
29264  127
29621  127
29325  128
29310  128
31952  128
28600  128
29542  128
31250  128
31774  128
33505  128
30564  128
29487  128
29843  129
30420  129
30790  129
29652  129
30128  129
33602  129
32482  129
32228  129
32511  129
31469  129
29501  130
29994  130
33225  130
35392  130
30188  130
31443  130
30906  130
31001  130
31481  130
31448  130
31625  131
31140  131
31316  131
34202  131
33756  131
31230  131
31826  131
32947  131
33931  131
31568  131
33167  132
31836  132
31613  132
34552  132
34733  132
31469  132
32266  132
34380  132
34012  132
34866  132
34464  133
27918  133
32967  133
36545  133
35366  133
31820  133
33021  133
35289  133
34441  133
34199  133
34366  134
34655  134
35609  134
35034  134
37192  134
36458  134
32547  134
38290  134
32124  134
35286  134
33312  135
32965  135
33771  135
33043  135
36129  135
35320  135
34746  135
35496  135
32641  135
33182  135
34584  136
36228  136
34489  136
37070  136
33372  136
33418  136
34591  136
34279  136
33795  136
33070  136
34241  137
34775  137
34421  137
33853  137
37671  137
43604  137
36558  137
36725  137
37056  137
37165  137
37383  138
34848  138
35424  138
35449  138
35605  138
34687  138
34350  138
34928  138
42272  138
39077  138
37126  139
35482  139
35541  139
36129  139
36654  139
36018  139
35848  139
34502  139
35245  139
35308  139
36077  140
35207  140
41458  140
39108  140
35877  140
38794  140
36516  140
36240  140
36538  140
35946  140
36837  141
36094  141
36706  141
40831  141
37655  141
46525  141
36090  141
38962  141
39085  141
38698  141
39933  142
38689  142
39360  142
39425  142
38915  142
37980  142
38227  142
36961  142
37239  142
37761  142
40109  143
37442  143
37080  143
37799  143
37936  143
37526  143
40585  143
38041  143
39507  143
37466  143
38995  144
40964  144
39496  144
38073  144
38106  144
38263  144
39208  144
37615  144
37681  144
40244  144
44215  145
41767  145
38916  145
50491  145
41622  145
41928  145
40986  145
40572  145
41165  145
41463  145
38553  146
40397  146
44243  146
40743  146
39108  146
43846  146
39162  146
42526  146
39538  146
38755  146
40345  147
40515  147
42506  147
42502  147
42358  147
39613  147
39893  147
49875  147
39934  147
39629  147
40975  148
40705  148
40754  148
40930  148
40794  148
40787  148
44967  148
40783  148
45194  148
43459  148
43587  149
42882  149
43137  149
41144  149
41160  149
40811  149
41161  149
41537  149
41727  149
41243  149
44906  150
58511  150
46105  150
41433  150
41717  150
40325  150
42411  150
42595  150
41913  150
41260  150
47988  151
49678  151
42603  151
41977  151
42265  151
42574  151
42493  151
43310  151
42040  151
42124  151
42736  152
42588  152
44334  152
46320  152
45966  152
43341  152
45880  152
42468  152
42887  152
43200  152
42762  153
43677  153
49927  153
48000  153
43858  153
46440  153
43411  153
47003  153
45606  153
43517  153
44129  154
47080  154
47324  154
42449  154
45621  154
45745  154
47093  154
44711  154
43937  154
44861  154
44430  155
44885  155
43568  155
44052  155
48573  155
48897  155
53236  155
44498  155
44148  155
44792  155
46181  156
46435  156
46012  156
44795  156
45346  156
46942  156
46330  156
47968  156
45653  156
45708  156
46186  157
46664  157
46990  157
49143  157
46885  157
46158  157
46558  157
46603  157
56401  157
46910  157
44498  158
47673  158
46948  158
47279  158
47093  158
47130  158
47524  158
46323  158
47981  158
57537  158
49061  159
50011  159
49509  159
46258  159
49238  159
46337  159
54394  159
47808  159
46867  159
61306  159
46603  160
47662  160
51345  160
50070  160
47575  160
47365  160
51138  160
49779  160
48390  160
50723  160
49626  161
49346  161
49282  161
49546  161
48690  161
48277  161
51009  161
51083  161
52191  161
49168  161
52540  162
50318  162
52352  162
49275  162
48901  162
52025  162
49194  162
53790  162
52480  162
46203  162
49712  163
49592  163
49664  163
48807  163
50691  163
50380  163
53730  163
49877  163
49024  163
59502  163
49654  164
49528  164
49695  164
48930  164
49441  164
50380  164
50292  164
55707  164
64752  164
51735  164
53497  165
53603  165
53177  165
53377  165
51378  165
52221  165
56232  165
50222  165
56811  165
53845  165
54909  166
54114  166
53307  166
54188  166
50581  166
51643  166
50730  166
50438  166
58234  166
50858  166
57098  167
51752  167
52280  167
54796  167
54009  167
55271  167
51371  167
56644  167
51395  167
51631  167
53355  168
53025  168
52201  168
51794  168
53609  168
56195  168
57066  168
52092  168
53545  168
52559  168
53744  169
53765  169
54445  169
54618  169
60074  169
56140  169
63127  169
53326  169
52636  169
53795  169
57044  170
53987  170
54177  170
59814  170
58231  170
62893  170
53861  170
54469  170
55178  170
55138  170
55404  171
54875  171
57776  171
54912  171
60517  171
58155  171
54444  171
58018  171
58168  171
56832  171
55677  172
59851  172
56711  172
60308  172
57885  172
55182  172
59717  172
54697  172
54674  172
55822  172
56351  173
56492  173
55261  173
55987  173
56105  173
55938  173
58952  173
57829  173
59474  173
55441  173
57554  174
65645  174
55883  174
60715  174
59108  174
59723  174
58448  174
59405  174
57096  174
59440  174
60135  175
57263  175
57317  175
56924  175
61196  175
59881  175
57577  175
56536  175
59077  175
64549  175
60994  176
57891  176
58426  176
57830  176
57982  176
59514  176
60205  176
59397  176
63696  176
58323  176
64135  177
58613  177
58162  177
58395  177
58339  177
60270  177
63986  177
59794  177
57387  177
62068  177
58448  178
62725  178
58499  178
59864  178
62871  178
67839  178
60311  178
58974  178
59722  178
59183  178
59082  179
59855  179
64115  179
61293  179
60888  179
60435  179
60321  179
67021  179
59419  179
60668  179
63961  180
60450  180
65289  180
75518  180
60236  180
60443  180
59325  180
60548  180
61772  180
60011  180
65069  181
61778  181
66128  181
61049  181
61030  181
61641  181
61688  181
62646  181
64737  181
63115  181
63759  182
62659  182
65002  182
61688  182
61159  182
62437  182
62288  182
63165  182
62774  182
66193  182
65895  183
62133  183
62967  183
61801  183
66570  183
63187  183
67811  183
72590  183
65180  183
61281  183
62954  184
63884  184
66739  184
63747  184
64177  184
68702  184
62622  184
62773  184
63676  184
61918  184
67343  185
64158  185
69176  185
64921  185
67770  185
63859  185
68083  185
64690  185
67093  185
63111  185
65428  186
66439  186
71314  186
64395  186
67672  186
68095  186
64638  186
68454  186
63821  186
69393  186
70731  187
66057  187
65460  187
68650  187
64981  187
68803  187
63706  187
76338  187
65843  187
68789  187
66424  188
65667  188
69333  188
69577  188
66615  188
74857  188
67110  188
67855  188
67478  188
70501  188
70143  189
65146  189
65595  189
75304  189
70441  189
69853  189
67516  189
70682  189
69483  189
66473  189
67387  190
69258  190
69313  190
68100  190
67098  190
71269  190
66821  190
67121  190
68071  190
65652  190
73700  191
68010  191
68561  191
67208  191
67701  191
72035  191
68314  191
68117  191
70900  191
75714  191
70025  192
69039  192
69717  192
68807  192
69778  192
69617  192
73167  192
75099  192
72064  192
68694  192
74143  193
72505  193
69592  193
74171  193
69988  193
69172  193
68495  193
68850  193
69672  193
69045  193
69895  194
71074  194
75018  194
89335  194
69175  194
69411  194
69972  194
69996  194
70057  194
69242  194
74474  195
78490  195
73743  195
74821  195
71134  195
68954  195
74402  195
71549  195
73656  195
77446  195
75510  196
72222  196
71817  196
75601  196
72654  196
76987  196
72504  196
76480  196
75853  196
71894  196
72935  197
70986  197
71666  197
77397  197
75699  197
86206  197
76897  197
72967  197
72435  197
77550  197
73582  198
75961  198
74723  198
76318  198
73578  198
73887  198
77841  198
73557  198
75450  198
75414  198
74579  199
73646  199
77389  199
73856  199
73805  199
74564  199
80166  199
80522  199
79691  199
73293  199
77888  200
73637  200
79128  200
75624  200
75914  200
76980  200
92338  200
75363  200
77671  200
74263  200
75981  201
79736  201
80443  201
87853  201
74250  201
79669  201
74994  201
75782  201
76221  201
76954  201
78096  202
85161  202
76112  202
80475  202
80133  202
75589  202
75326  202
76271  202
81870  202
80913  202
75974  203
76590  203
76999  203
76619  203
82307  203
78165  203
92492  203
80863  203
76073  203
79922  203
77726  204
80519  204
79506  204
78907  204
79564  204
81078  204
76489  204
76784  204
77198  204
78767  204
80360  205
84824  205
80055  205
80562  205
78566  205
83121  205
76815  205
80478  205
81366  205
77939  205
80042  206
83712  206
79334  206
79540  206
79851  206
81306  206
86160  206
79050  206
78504  206
84010  206
78896  207
89331  207
83274  207
88489  207
79555  207
78449  207
80710  207
79532  207
83932  207
82252  207
78793  208
84006  208
79836  208
80136  208
80937  208
80388  208
82163  208
82573  208
90936  208
86846  208
86204  209
80374  209
81194  209
86735  209
85529  209
90534  209
81350  209
81581  209
80964  209
81307  209
81970  210
156988  210
80639  210
84384  210
80400  210
81899  210
80350  210
81437  210
87560  210
87100  210
82900  211
83116  211
80557  211
81925  211
84725  211
88065  211
88866  211
87294  211
83385  211
82906  211
83119  212
83247  212
84509  212
89394  212
83120  212
82455  212
81647  212
86927  212
84473  212
85167  212
85249  213
85810  213
88063  213
82855  213
84406  213
85636  213
87360  213
87217  213
91519  213
82846  213
89883  214
85661  214
87032  214
87351  214
84863  214
89528  214
83682  214
88608  214
88418  214
85461  214
87442  215
87182  215
88584  215
90464  215
84297  215
86095  215
86493  215
88353  215
88378  215
91022  215
87096  216
86563  216
89273  216
86362  216
86273  216
90901  216
90561  216
84957  216
86000  216
89715  216
88022  217
86776  217
87979  217
95298  217
87919  217
85129  217
86727  217
87744  217
89207  217
92355  217
92361  218
90300  218
90078  218
88493  218
86842  218
94925  218
90820  218
87451  218
91462  218
90130  218
87338  219
91243  219
91029  219
88109  219
89318  219
90909  219
87946  219
90405  219
87598  219
94151  219
90323  220
92858  220
87824  220
89537  220
91059  220
90554  220
90915  220
94557  220
90523  220
87572  220
91095  221
89126  221
88741  221
93401  221
95241  221
92985  221
91991  221
90237  221
89405  221
91177  221
91160  222
89673  222
93773  222
92276  222
89031  222
91218  222
95758  222
88942  222
90246  222
93608  222
90476  223
90124  223
89519  223
93699  223
97740  223
89868  223
92897  223
89257  223
89820  223
94125  223
92816  224
92279  224
89418  224
90723  224
94236  224
91912  224
92305  224
92128  224
92680  224
90948  224
91206  225
92530  225
91226  225
94069  225
93249  225
96243  225
91632  225
95301  225
92320  225
96320  225
92596  226
102252  226
95775  226
91519  226
90840  226
90866  226
98196  226
94681  226
91424  226
96359  226
93218  227
93396  227
92797  227
92445  227
99260  227
93068  227
92483  227
92759  227
93116  227
97709  227
96277  228
95170  228
94493  228
97207  228
92432  228
92914  228
97428  228
98839  228
92346  228
97137  228
93257  229
94158  229
99197  229
101660  229
92261  229
92073  229
92939  229
93792  229
92720  229
98108  229
99270  230
94646  230
94163  230
94083  230
94563  230
95754  230
104377  230
94679  230
93769  230
94364  230
98160  231
94792  231
99516  231
89029  231
94198  231
96167  231
95069  231
98230  231
97858  231
102536  231
94748  232
97736  232
99696  232
96619  232
97512  232
97684  232
94009  232
95688  232
98392  232
95094  232
96226  233
98049  233
99279  233
96004  233
98998  233
98647  233
98950  233
97634  233
106110  233
94720  233
99530  234
95711  234
95530  234
96264  234
98007  234
99066  234
94280  234
95376  234
96943  234
98020  234
97847  235
97965  235
95817  235
97004  235
98074  235
96766  235
97979  235
92693  235
95420  235
96598  235
97907  236
95691  236
96992  236
106213  236
96340  236
100851  236
96204  236
96256  236
97204  236
99323  236
101013  237
97215  237
98654  237
100259  237
98683  237
103240  237
96570  237
96747  237
98194  237
98601  237
97389  238
103228  238
97218  238
96268  238
98821  238
99523  238
96974  238
98647  238
97297  238
96205  238
97829  239
98469  239
97496  239
99793  239
99799  239
99648  239
98282  239
97260  239
100072  239
99840  239
104176  240
100698  240
97312  240
98947  240
103487  240
101086  240
105374  240
100109  240
101598  240
98450  240
99415  241
104974  241
105562  241
98268  241
99310  241
99469  241
99890  241
100277  241
102308  241
102810  241
99855  242
104579  242
99679  242
99933  242
104615  242
98637  242
104986  242
100959  242
98577  242
101699  242
111650  243
100560  243
101332  243
99500  243
103003  243
102935  243
100648  243
100796  243
105280  243
101081  243
102317  244
105440  244
114963  244
98295  244
105423  244
102527  244
99577  244
101157  244
103017  244
100605  244
106753  245
101776  245
100448  245
101377  245
104955  245
100524  245
105598  245
100937  245
106007  245
101159  245
105106  246
101448  246
179632  246
103494  246
102780  246
113887  246
102601  246
105307  246
100652  246
101612  246
104861  247
109147  247
103076  247
104854  247
104270  247
101556  247
104502  247
107325  247
101528  247
102560  247
104279  248
107423  248
104713  248
109749  248
103290  248
104833  248
102365  248
109269  248
102431  248
113060  248
106425  249
103923  249
104272  249
102428  249
109705  249
107273  249
103380  249
103070  249
107122  249
107338  249
106021  250
103429  250
103280  250
105093  250
106724  250
107880  250
111843  250
108067  250
107543  250
103205  250
103208  251
111743  251
105360  251
108677  251
103846  251
109116  251
105443  251
109062  251
108879  251
105993  251
104669  252
104244  252
105514  252
106895  252
105973  252
104566  252
109574  252
105740  252
106311  252
111124  252
106070  253
104999  253
104304  253
103903  253
191676  253
101290  253
107381  253
105269  253
107031  253
108361  253
105787  254
104646  254
104938  254
105650  254
106860  254
105571  254
110868  254
105101  254
106737  254
105177  254
113115  255
112199  255
114532  255
107920  255
105480  255
110148  255
105885  255
110751  255
108529  255
104589  255
110902  256
112507  256
116619  256
107916  256
109988  256
106815  256
112898  256
110159  256
112782  256
106386  256
108491  257
113765  257
113127  257
122274  257
112316  257
108712  257
111837  257
109781  257
109445  257
108959  257
109584  258
108237  258
107658  258
109799  258
114699  258
108952  258
107405  258
107492  258
111736  258
111542  258
110207  259
107538  259
114681  259
109091  259
109532  259
109990  259
114119  259
112621  259
109777  259
115133  259
112070  260
111118  260
108165  260
109934  260
109339  260
110706  260
116638  260
108656  260
113843  260
111191  260
113748  261
113898  261
110910  261
115533  261
111183  261
116316  261
110568  261
113127  261
109157  261
110274  261
110371  262
110599  262
117142  262
111026  262
111502  262
113007  262
115011  262
114620  262
112932  262
115586  262
114761  263
111627  263
109859  263
113063  263
110922  263
109914  263
108740  263
112097  263
129884  263
108696  263
109545  264
112838  264
116654  264
117316  264
109453  264
113990  264
112422  264
109311  264
113014  264
113508  264
110926  265
110559  265
113651  265
111057  265
119761  265
115535  265
112636  265
110836  265
115780  265
121438  265
111863  266
110780  266
112367  266
112602  266
115118  266
117384  266
112203  266
112800  266
116720  266
111090  266
107855  267
112004  267
111323  267
113813  267
118644  267
119260  267
115785  267
111087  267
112584  267
112569  267
120272  268
115692  268
111628  268
112319  268
116501  268
116941  268
114289  268
111735  268
117030  268
118048  268
112798  269
116916  269
112951  269
115562  269
112330  269
114390  269
125638  269
118250  269
112752  269
114605  269
111083  270
122292  270
111314  270
118347  270
111313  270
117962  270
118320  270
111772  270
118946  270
115017  270
120160  271
116969  271
119584  271
113851  271
113950  271
116375  271
126768  271
116537  271
119550  271
121080  271
120050  272
115956  272
113594  272
113374  272
113880  272
114588  272
118956  272
117657  272
119752  272
115303  272
121746  273
122681  273
117235  273
116441  273
116096  273
121110  273
115764  273
115593  273
117648  273
119541  273
119094  274
116811  274
117292  274
116302  274
114247  274
116712  274
117988  274
118731  274
116491  274
116907  274
123668  275
116712  275
110763  275
117968  275
116690  275
123012  275
119217  275
115539  275
116550  275
116715  275
117735  276
117936  276
120253  276
115349  276
115855  276
123452  276
118322  276
128092  276
116435  276
117033  276
116208  277
121698  277
124202  277
125678  277
116969  277
116268  277
125213  277
108435  277
117446  277
119277  277
120322  278
124488  278
121044  278
117126  278
123676  278
123271  278
118505  278
120362  278
121866  278
123311  278
119524  279
124535  279
120217  279
117544  279
118266  279
120396  279
125315  279
119311  279
128007  279
121191  279
121899  280
131716  280
121717  280
127317  280
122692  280
127077  280
123080  280
123185  280
119816  280
119699  280
122711  281
125076  281
127240  281
122451  281
124177  281
123422  281
126056  281
126665  281
118901  281
124381  281
132786  282
123666  282
120469  282
118617  282
123743  282
135630  282
121290  282
123647  282
127190  282
121891  282
121371  283
129607  283
121994  283
124796  283
122297  283
124802  283
120443  283
129918  283
127611  283
129217  283
120731  284
119793  284
127973  284
122904  284
125016  284
122505  284
125643  284
120355  284
120530  284
134663  284
127540  285
121565  285
122562  285
127488  285
120560  285
122631  285
120641  285
128347  285
119381  285
127127  285
125053  286
119718  286
131789  286
126848  286
121836  286
119527  286
126153  286
123881  286
131415  286
124715  286
121205  287
129047  287
122387  287
124250  287
121741  287
126219  287
128531  287
125016  287
126814  287
129079  287
126112  288
129387  288
125127  288
122953  288
120973  288
125909  288
121963  288
121668  288
123066  288
129933  288
127683  289
131330  289
123135  289
123339  289
122395  289
125232  289
137230  289
122898  289
125866  289
124684  289
131386  290
132294  290
122328  290
123289  290
122722  290
132484  290
122701  290
122610  290
123834  290
128098  290
125310  291
131356  291
126922  291
130550  291
122981  291
119862  291
123377  291
131876  291
122998  291
131843  291
124105  292
131907  292
127869  292
124466  292
131952  292
124490  292
128227  292
131940  292
128507  292
132581  292
124270  293
123961  293
125239  293
128599  293
129027  293
124653  293
127653  293
126890  293
126898  293
132357  293
129907  294
122997  294
127861  294
126024  294
124137  294
125420  294
125794  294
138208  294
131662  294
125357  294
130562  295
126684  295
133663  295
133517  295
132868  295
127303  295
138915  295
131354  295
125343  295
130452  295
128701  296
134375  296
126613  296
129828  296
136161  296
132303  296
129656  296
126236  296
126068  296
137197  296
125938  297
134078  297
130185  297
128247  297
131192  297
128080  297
127932  297
130118  297
135840  297
126434  297
134612  298
131721  298
135210  298
139650  298
136224  298
131648  298
130817  298
137327  298
131100  298
127430  298
136978  299
128126  299
135456  299
127989  299
133506  299
136510  299
131803  299
136345  299
128949  299
129578  299
131291  300
136435  300
128097  300
128888  300
134612  300
141653  300
129590  300
132553  300
137828  300
129600  300
