320  9
6941  9
1914  9
240  9
2112  9
289  9
1726  9
4185  9
2373  9
236  9
266  10
2416  10
4158  10
4159  10
2141  10
4174  10
4168  10
482  10
1005  10
2664  10
2717  11
4302  11
8613  11
2343  11
3708  11
3154  11
3087  11
305  11
351  11
2222  11
2821  12
4241  12
1582  12
2067  12
2238  12
3388  12
404  12
995  12
4308  12
974  12
4332  13
1482  13
467  13
1106  13
3632  13
1399  13
4385  13
1995  13
1161  13
4263  13
2937  14
2989  14
4216  14
648  14
6001  14
2275  14
2459  14
2602  14
3220  14
2592  14
2960  15
4432  15
1544  15
3515  15
509  15
1705  15
6105  15
3912  15
3498  15
3072  15
4399  16
500  16
4415  16
3638  16
602  16
4475  16
8154  16
2630  16
2788  16
3332  16
4523  17
1289  17
680  17
4465  17
4472  17
4621  17
4464  17
680  17
3793  17
672  17
3681  18
4578  18
841  18
4564  18
1736  18
4777  18
3925  18
3826  18
1632  18
4565  18
2670  19
2329  19
4835  19
4665  19
4822  19
3921  19
4655  19
1008  19
4722  19
1215  19
6388  20
3562  20
4831  20
4812  20
4700  20
1998  20
3332  20
8794  20
4693  20
4681  20
4497  21
4846  21
4929  21
1518  21
2099  21
1199  21
3342  21
4744  21
1102  21
4839  21
3114  22
9099  22
4927  22
6157  22
1286  22
11858  22
5905  22
4868  22
4934  22
3036  22
5205  23
5126  23
4974  23
2796  23
2954  23
3659  23
5189  23
5150  23
5107  23
5179  23
5066  24
6169  24
3802  24
5271  24
9132  24
3452  24
5065  24
5903  24
4278  24
4347  24
9504  25
5544  25
2615  25
5434  25
3193  25
5978  25
2126  25
2700  25
5206  25
3623  25
2597  26
5290  26
3375  26
5831  26
5424  26
3230  26
2775  26
5290  26
5306  26
5287  26
2911  27
2298  27
5791  27
2229  27
5735  27
2267  27
5354  27
8409  27
4073  27
5410  27
5911  28
5798  28
5816  28
6171  28
9741  28
5823  28
5795  28
5513  28
6607  28
5521  28
5952  29
4347  29
9397  29
2496  29
3210  29
5703  29
5793  29
2803  29
8615  29
6294  29
10234  30
5321  30
3404  30
6014  30
5390  30
5996  30
8627  30
10113  30
5968  30
5808  30
3886  31
9964  31
8920  31
5940  31
5828  31
5631  31
9025  31
5981  31
2683  31
6094  31
6474  32
8437  32
6286  32
5862  32
10319  32
6443  32
5995  32
6428  32
5442  32
7745  32
8203  33
10883  33
6899  33
6497  33
5640  33
3023  33
10257  33
6786  33
9180  33
6395  33
6455  34
6593  34
9566  34
9722  34
7566  34
10665  34
6630  34
10011  34
5673  34
10442  34
6706  35
4027  35
3625  35
6561  35
3656  35
9930  35
6816  35
5110  35
7082  35
6725  35
10857  36
7255  36
9789  36
6416  36
11427  36
7290  36
9750  36
7001  36
4325  36
6951  36
7358  37
9965  37
8689  37
11164  37
4119  37
11042  37
12872  37
6725  37
11304  37
8248  37
4404  38
4870  38
7679  38
4893  38
10344  38
11366  38
10457  38
9199  38
7524  38
9762  38
11556  39
7496  39
8656  39
14853  39
7783  39
4966  39
9230  39
7471  39
7768  39
7651  39
6250  40
12475  40
7944  40
7814  40
10990  40
7546  40
4941  40
11884  40
7693  40
9601  40
8925  41
8043  41
8683  41
11998  41
9260  41
9282  41
7935  41
7833  41
5299  41
10269  41
8328  42
7978  42
8248  42
8102  42
8040  42
8562  42
8559  42
8531  42
8200  42
11068  42
8366  43
8344  43
8882  43
6499  43
9436  43
9406  43
5815  43
8267  43
11949  43
5981  43
5729  44
9148  44
12426  44
15135  44
10637  44
9244  44
15110  44
6633  44
6205  44
8627  44
8461  45
17018  45
10538  45
9130  45
9148  45
9039  45
6685  45
10820  45
9859  45
9426  45
7919  46
9004  46
8977  46
9039  46
13946  46
9438  46
9117  46
10820  46
7463  46
13600  46
9270  47
12968  47
10885  47
7300  47
9392  47
9377  47
10521  47
9979  47
9638  47
10442  47
9837  48
9721  48
9206  48
11584  48
10955  48
11544  48
14066  48
9708  48
12332  48
14170  48
13950  49
10198  49
10492  49
8301  49
14292  49
9993  49
10017  49
11588  49
9950  49
14255  49
12092  50
13253  50
12357  50
10492  50
10215  50
8393  50
9828  50
13010  50
14710  50
9415  50
10669  51
11552  51
8688  51
10617  51
14723  51
11580  51
11055  51
8807  51
10793  51
15205  51
15319  52
10882  52
10910  52
13505  52
9839  52
11153  52
11192  52
11099  52
11718  52
14557  52
12566  53
11914  53
14100  53
11216  53
11392  53
12427  53
11438  53
11709  53
11044  53
10620  53
15299  54
11390  54
11696  54
13273  54
11632  54
15162  54
12162  54
11733  54
11586  54
14455  54
12564  55
12495  55
10559  55
12613  55
16059  55
15246  55
12705  55
12218  55
15764  55
12400  55
12513  56
11589  56
11888  56
12362  56
12221  56
12123  56
12573  56
15067  56
12140  56
14951  56
12853  57
14813  57
15907  57
12830  57
12929  57
13429  57
12479  57
16828  57
12734  57
10877  57
13058  58
15170  58
16427  58
12909  58
12614  58
11484  58
12145  58
13694  58
11371  58
12707  58
13995  59
13346  59
13121  59
15978  59
14022  59
33929  59
18101  59
10276  59
17347  59
17330  59
13895  60
14068  60
13812  60
14002  60
17819  60
14302  60
14485  60
13519  60
13156  60
16038  60
17353  61
13927  61
16570  61
14114  61
14209  61
13828  61
18036  61
14757  61
18301  61
16131  61
17511  62
18485  62
15157  62
14772  62
17877  62
15418  62
18624  62
15358  62
12561  62
15581  62
14319  63
15102  63
14086  63
18911  63
13653  63
17930  63
14289  63
15240  63
15355  63
16790  63
19845  64
15731  64
14960  64
18254  64
18940  64
18671  64
14962  64
15563  64
15244  64
14153  64
18049  65
16079  65
15689  65
15964  65
18945  65
15742  65
15778  65
15063  65
16615  65
15857  65
15984  66
15542  66
19324  66
15412  66
17185  66
17055  66
15722  66
22198  66
16121  66
22599  66
19837  67
16739  67
20772  67
16222  67
17325  67
16478  67
17101  67
16433  67
20472  67
16444  67
20606  68
19587  68
20951  68
16871  68
16863  68
16769  68
17110  68
16732  68
17942  68
20734  68
17400  69
16981  69
17226  69
17238  69
21168  69
18839  69
25213  69
17852  69
18001  69
21989  69
17338  70
21838  70
36353  70
21268  70
18914  70
19039  70
17582  70
17666  70
18210  70
18158  70
18846  71
19418  71
17925  71
18484  71
16680  71
23299  71
18069  71
21380  71
18604  71
22431  71
21138  72
18335  72
18671  72
19555  72
27634  72
18409  72
19642  72
18707  72
18773  72
18404  72
25384  73
19648  73
26349  73
23584  73
19840  73
18651  73
19602  73
22847  73
19875  73
19790  73
19610  74
19718  74
18946  74
20277  74
19324  74
23385  74
19823  74
20891  74
19400  74
19430  74
20495  75
19407  75
24202  75
21196  75
20642  75
23260  75
24018  75
23960  75
22586  75
24484  75
20243  76
22026  76
24870  76
22399  76
19822  76
24357  76
20812  76
24361  76
21595  76
21181  76
20838  77
22735  77
21145  77
21077  77
23159  77
21889  77
21013  77
20450  77
21864  77
27172  77
21603  78
29765  78
26360  78
22789  78
23353  78
22579  78
23226  78
22297  78
22982  78
22576  78
26010  79
22510  79
26480  79
26060  79
22985  79
21616  79
24412  79
22350  79
21911  79
22742  79
23610  80
26558  80
24340  80
22537  80
22439  80
25652  80
22233  80
22415  80
24239  80
23722  80
23133  81
27202  81
22993  81
23467  81
25591  81
26260  81
22894  81
25321  81
23835  81
23220  81
25031  82
23430  82
26076  82
24119  82
23520  82
23355  82
27480  82
28013  82
27252  82
24528  82
24306  83
28869  83
24909  83
25227  83
29409  83
29641  83
25929  83
30059  83
30189  83
23999  83
24560  84
28352  84
25340  84
24861  84
24493  84
25662  84
26843  84
25555  84
24404  84
25889  84
26097  85
24960  85
26636  85
29965  85
24753  85
29164  85
31715  85
34416  85
28002  85
31580  85
45010  86
27303  86
26447  86
27357  86
26417  86
25798  86
25645  86
26901  86
27642  86
26647  86
27347  87
26127  87
28288  87
27812  87
26991  87
26875  87
27468  87
26378  87
33811  87
31834  87
31395  88
27492  88
30549  88
31685  88
27918  88
26871  88
27368  88
27286  88
28125  88
27699  88
27500  89
33266  89
27634  89
27532  89
27749  89
27940  89
27392  89
33286  89
35440  89
34460  89
31664  90
31221  90
30327  90
48184  90
29263  90
32058  90
28719  90
28090  90
32353  90
28137  90
28917  91
28774  91
28847  91
28433  91
30749  91
28149  91
29002  91
28828  91
32775  91
29318  91
31994  92
30556  92
33488  92
32064  92
31360  92
32393  92
29728  92
29197  92
30056  92
31268  92
35557  93
31228  93
30026  93
30412  93
31117  93
30828  93
31046  93
33829  93
31776  93
35797  93
35466  94
30964  94
33016  94
38807  94
33162  94
36116  94
31832  94
29886  94
30487  94
30830  94
31075  95
31100  95
32184  95
31770  95
32003  95
30973  95
31162  95
32632  95
33856  95
31712  95
35987  96
33801  96
43595  96
33894  96
34185  96
32105  96
31568  96
32446  96
36997  96
32995  96
32097  97
34560  97
35493  97
35254  97
35453  97
32079  97
34518  97
34679  97
32788  97
38262  97
45062  98
32773  98
36298  98
32715  98
33171  98
37026  98
35151  98
39115  98
34019  98
32949  98
36015  99
33944  99
39530  99
42002  99
36386  99
77868  99
69244  99
38568  99
31619  99
36117  99
35119  100
35029  100
34601  100
34969  100
35971  100
35809  100
34406  100
35866  100
34278  100
35074  100
30595  101
39778  101
43296  101
48495  101
36364  101
34873  101
38103  101
35162  101
35606  101
35195  101
36400  102
36796  102
41929  102
36301  102
37252  102
35979  102
38376  102
42083  102
37935  102
40937  102
43085  103
42911  103
41916  103
36318  103
36200  103
36808  103
36046  103
39933  103
37057  103
39364  103
41892  104
37125  104
37769  104
39786  104
43516  104
37904  104
44665  104
39494  104
36900  104
38084  104
37875  105
38528  105
42384  105
39425  105
39593  105
37548  105
37977  105
39201  105
42453  105
41343  105
40783  106
42944  106
41798  106
38586  106
43790  106
40487  106
40346  106
40608  106
40055  106
38545  106
38581  107
42074  107
41666  107
41475  107
39530  107
38392  107
42248  107
59559  107
44054  107
43572  107
40060  108
40672  108
39921  108
40241  108
40820  108
40993  108
41769  108
43105  108
42930  108
43559  108
44060  109
44818  109
50863  109
42087  109
42353  109
43708  109
41773  109
43379  109
41385  109
40589  109
44004  110
44241  110
43780  110
48604  110
46184  110
42690  110
42250  110
53826  110
45467  110
44789  110
44504  111
45108  111
45730  111
48504  111
42553  111
44821  111
45020  111
50137  111
45504  111
44713  111
47970  112
49528  112
43030  112
43534  112
43752  112
43291  112
43372  112
43782  112
44434  112
46402  112
49151  113
48428  113
44440  113
46356  113
54735  113
49732  113
46251  113
48104  113
44430  113
46393  113
44796  114
44593  114
43925  114
49176  114
48989  114
44884  114
50123  114
52024  114
57558  114
49438  114
47061  115
50593  115
48076  115
47756  115
47475  115
45761  115
48356  115
47062  115
51447  115
52581  115
53164  116
58016  116
46073  116
46595  116
50280  116
49041  116
46616  116
46900  116
49035  116
51223  116
47210  117
49839  117
55776  117
47473  117
56262  117
48801  117
48710  117
47875  117
48214  117
48223  117
47727  118
48217  118
48456  118
57425  118
55797  118
55072  118
64822  118
52884  118
48919  118
50777  118
51665  119
55657  119
48899  119
48908  119
48272  119
48636  119
52721  119
54775  119
54998  119
54559  119
53673  120
51961  120
52584  120
48964  120
49988  120
47514  120
51723  120
51299  120
50026  120
52335  120
58056  121
70581  121
53139  121
58454  121
50435  121
54493  121
53033  121
52891  121
51939  121
56577  121
51118  122
56233  122
56778  122
49394  122
57865  122
55093  122
51710  122
53925  122
55048  122
59001  122
52869  123
58635  123
51217  123
61772  123
56734  123
57051  123
57138  123
52984  123
52738  123
59459  123
53096  124
54628  124
57912  124
54965  124
56058  124
56456  124
60882  124
58088  124
57677  124
59853  124
53846  125
56013  125
59567  125
58624  125
57623  125
55761  125
62091  125
56988  125
52719  125
54316  125
54925  126
62029  126
63076  126
54442  126
54901  126
55295  126
58611  126
73434  126
77840  126
59499  126
58146  127
62247  127
55690  127
55642  127
58662  127
58423  127
76752  127
60653  127
59013  127
64896  127
59993  128
104644  128
92998  128
62715  128
61879  128
67205  128
69350  128
62810  128
64619  128
64633  128
61881  129
70196  129
69090  129
65007  129
65228  129
65396  129
100744  129
99900  129
95215  129
62440  129
65708  130
67683  130
64389  130
66762  130
66737  130
66562  130
71737  130
83193  130
62154  130
61831  130
61178  131
63567  131
62263  131
62980  131
59507  131
67466  131
63454  131
64360  131
59416  131
60196  131
61122  132
63830  132
61646  132
60629  132
64932  132
64287  132
69181  132
63045  132
75755  132
63110  132
62601  133
61611  133
62684  133
63271  133
62723  133
64215  133
67618  133
68572  133
92151  133
60169  133
63146  134
64401  134
66090  134
69856  134
66723  134
72448  134
72211  134
67893  134
68301  134
66425  134
64278  135
69002  135
62561  135
66317  135
65823  135
69341  135
70776  135
75929  135
68637  135
71326  135
65489  136
68098  136
66706  136
67430  136
69787  136
68394  136
95932  136
65735  136
64814  136
65444  136
66451  137
68766  137
65735  137
66863  137
68547  137
72434  137
79834  137
67572  137
70092  137
63482  137
66762  138
66721  138
70721  138
70683  138
68084  138
69814  138
67403  138
71353  138
69408  138
69188  138
68714  139
69716  139
73811  139
73264  139
68522  139
79237  139
70192  139
71654  139
67885  139
69455  139
70363  140
74392  140
73037  140
74141  140
80275  140
68637  140
77189  140
69885  140
70475  140
73563  140
72047  141
79614  141
75371  141
84888  141
73155  141
76386  141
69397  141
67531  141
69391  141
69191  141
78388  142
80035  142
77079  142
78010  142
74161  142
69899  142
73397  142
69742  142
76022  142
73115  142
85999  143
89482  143
78486  143
71857  143
71384  143
79916  143
70976  143
77377  143
79237  143
80354  143
71855  144
71744  144
72686  144
76561  144
74855  144
76810  144
75662  144
74271  144
85064  144
75365  144
78229  145
76886  145
72997  145
72726  145
73313  145
75102  145
84222  145
91770  145
71510  145
77241  145
79920  146
77281  146
73503  146
78612  146
83965  146
84561  146
89084  146
83023  146
79945  146
74963  146
76124  147
74034  147
85376  147
77588  147
88191  147
81285  147
80428  147
78218  147
76127  147
79418  147
76057  148
87826  148
75661  148
93560  148
80382  148
79619  148
76345  148
79584  148
78287  148
75435  148
83588  149
84563  149
84913  149
81236  149
77005  149
88357  149
78090  149
79970  149
80622  149
82078  149
93948  150
82218  150
85870  150
80771  150
82545  150
79588  150
82262  150
82156  150
86180  150
86763  150
81230  151
81864  151
84385  151
84557  151
85537  151
87417  151
83245  151
88893  151
77533  151
83252  151
83484  152
83255  152
80225  152
87712  152
85441  152
95389  152
85889  152
83415  152
79716  152
80757  152
82230  153
80896  153
95945  153
88322  153
91145  153
84871  153
89103  153
83086  153
84140  153
82589  153
89764  154
92781  154
90116  154
83216  154
83798  154
83363  154
88229  154
83010  154
82362  154
87724  154
92199  155
91638  155
84479  155
86407  155
83552  155
82561  155
92983  155
92974  155
96556  155
85497  155
87232  156
93474  156
90074  156
88591  156
81901  156
89441  156
95439  156
85752  156
82891  156
84171  156
88927  157
85818  157
92543  157
91826  157
95131  157
87202  157
86096  157
85939  157
83622  157
89326  157
86539  158
95336  158
101379  158
83835  158
88481  158
87605  158
85211  158
85572  158
87674  158
87783  158
95944  159
92023  159
84407  159
87636  159
89732  159
85815  159
87700  159
95086  159
98231  159
89839  159
91869  160
93085  160
90937  160
87478  160
94985  160
93170  160
103535  160
94711  160
92409  160
94610  160
87810  161
95414  161
100920  161
94284  161
90884  161
95546  161
92945  161
93738  161
92773  161
97063  161
96618  162
105553  162
95603  162
94493  162
91307  162
94097  162
94064  162
103214  162
98042  162
100530  162
97704  163
94274  163
91796  163
90942  163
93880  163
100879  163
98838  163
101633  163
98088  163
95444  163
95291  164
94481  164
99401  164
95168  164
110194  164
94056  164
93095  164
94015  164
92979  164
94551  164
105644  165
97456  165
97677  165
96933  165
98342  165
94113  165
100412  165
95506  165
96802  165
103357  165
95627  166
97758  166
96761  166
97500  166
96270  166
97608  166
101167  166
100633  166
97169  166
95641  166
95734  167
96226  167
97924  167
97229  167
103931  167
97745  167
94576  167
93844  167
94379  167
94086  167
102043  168
97282  168
95839  168
100017  168
99614  168
104062  168
95946  168
95423  168
102501  168
110711  168
103003  169
94449  169
100950  169
100403  169
100344  169
102724  169
102896  169
94715  169
103722  169
98328  169
100098  170
98809  170
105409  170
103257  170
101830  170
100454  170
101109  170
103356  170
100524  170
100498  170
99993  171
107504  171
101604  171
100724  171
99359  171
101388  171
104710  171
100746  171
105119  171
101988  171
100577  172
97196  172
99307  172
108894  172
105874  172
109420  172
101298  172
101505  172
103165  172
100296  172
108107  173
102329  173
108461  173
101653  173
98677  173
104385  173
103602  173
101640  173
106438  173
111808  173
102509  174
101607  174
102095  174
100727  174
103914  174
103112  174
111194  174
105001  174
102637  174
101506  174
105501  175
102193  175
102069  175
104153  175
103817  175
104013  175
101657  175
100430  175
104786  175
109401  175
111984  176
99540  176
100367  176
100995  176
100547  176
105146  176
103822  176
105958  176
102590  176
100802  176
106848  177
100202  177
107086  177
109093  177
111314  177
103837  177
102508  177
102126  177
100828  177
104625  177
112623  178
112362  178
104435  178
104133  178
103370  178
105245  178
104076  178
112122  178
102282  178
102312  178
105340  179
103578  179
106592  179
108417  179
107683  179
103278  179
109017  179
104389  179
107765  179
109421  179
104477  180
110976  180
105437  180
103902  180
104543  180
107932  180
105978  180
103919  180
110613  180
106229  180
104017  181
107428  181
103853  181
107704  181
108389  181
106014  181
103818  181
104441  181
104888  181
105385  181
109755  182
114114  182
111941  182
108533  182
107772  182
106949  182
106556  182
111083  182
113426  182
102593  182
107952  183
107403  183
112842  183
107517  183
114185  183
104886  183
112430  183
105692  183
107773  183
107041  183
114220  184
114740  184
111829  184
115881  184
114187  184
107592  184
108600  184
110133  184
106230  184
113373  184
109270  185
106271  185
108550  185
108699  185
113666  185
108138  185
108217  185
109108  185
109396  185
114935  185
118416  186
116063  186
107961  186
107636  186
109276  186
108827  186
113440  186
109235  186
115627  186
109443  186
107287  187
109233  187
109787  187
118088  187
119675  187
108189  187
109264  187
107412  187
109194  187
111235  187
112716  188
109077  188
116793  188
107937  188
107928  188
109731  188
123553  188
122200  188
108520  188
109130  188
109678  189
106940  189
120240  189
126102  189
109234  189
110513  189
109350  189
108753  189
111820  189
120554  189
117751  190
109597  190
109007  190
108214  190
110316  190
114744  190
123436  190
109373  190
111867  190
109719  190
110283  191
111944  191
121981  191
111294  191
110547  191
110432  191
108268  191
118514  191
120544  191
112683  191
111804  192
109582  192
112132  192
112023  192
113794  192
122296  192
111487  192
111134  192
117720  192
110771  192
123098  193
126314  193
115154  193
111761  193
111136  193
113979  193
113156  193
125269  193
123776  193
121465  193
114006  194
116208  194
114517  194
125067  194
111650  194
116036  194
112213  194
111339  194
117415  194
126366  194
114561  195
111518  195
115033  195
111741  195
113848  195
114434  195
129027  195
114305  195
112967  195
113524  195
115529  196
114844  196
131242  196
116649  196
112215  196
114517  196
114833  196
123241  196
128024  196
112204  196
116033  197
115721  197
117208  197
123094  197
129129  197
118242  197
115197  197
116272  197
117287  197
119544  197
118152  198
122298  198
118726  198
119210  198
118543  198
117119  198
127524  198
118685  198
117731  198
118238  198
115768  199
123185  199
118241  199
117708  199
117719  199
118938  199
116796  199
119232  199
123468  199
122801  199
124321  200
118066  200
118951  200
117943  200
122954  200
119259  200
120139  200
122845  200
117861  200
118063  200
121158  201
119179  201
119730  201
117236  201
118679  201
137644  201
130961  201
117912  201
116384  201
122314  201
120068  202
120228  202
134238  202
118810  202
118362  202
127872  202
119384  202
121767  202
134866  202
118467  202
118735  203
121976  203
120070  203
121872  203
143295  203
124382  203
118716  203
120345  203
121565  203
125319  203
128344  204
120481  204
123458  204
120333  204
121332  204
121140  204
131532  204
121896  204
122225  204
119552  204
131854  205
123677  205
124523  205
119679  205
122057  205
123179  205
122058  205
134919  205
121131  205
122485  205
122128  206
123806  206
130093  206
133176  206
121288  206
121111  206
120831  206
126130  206
127606  206
125263  206
123817  207
122506  207
124225  207
122948  207
136515  207
128551  207
122963  207
122985  207
129854  207
122805  207
130898  208
129076  208
133649  208
127632  208
123590  208
131384  208
133178  208
126141  208
123726  208
128822  208
124945  209
126303  209
129155  209
125947  209
126704  209
125476  209
130781  209
131095  209
126200  209
126972  209
134578  210
130915  210
124891  210
139618  210
131082  210
125208  210
123774  210
124160  210
131854  210
128373  210
142026  211
129325  211
127594  211
132456  211
137420  211
126073  211
125726  211
127277  211
127201  211
132987  211
127190  212
128908  212
125890  212
129078  212
129203  212
144959  212
125582  212
127876  212
126297  212
133441  212
129379  213
133391  213
133543  213
132041  213
125997  213
127819  213
123324  213
133690  213
136522  213
125485  213
134335  214
138098  214
127011  214
223223  214
125971  214
128798  214
128715  214
148740  214
128395  214
133061  214
129979  215
133207  215
143598  215
134272  215
133259  215
131208  215
130655  215
130552  215
142618  215
129985  215
131168  216
138232  216
129783  216
144138  216
129123  216
134347  216
128942  216
138272  216
144190  216
132651  216
133632  217
132666  217
134475  217
132067  217
139764  217
130466  217
131734  217
129521  217
131285  217
151390  217
131721  218
130639  218
129096  218
132517  218
145160  218
130055  218
131315  218
134171  218
145077  218
137022  218
135451  219
134414  219
130341  219
147971  219
139712  219
149953  219
133473  219
138283  219
137853  219
133333  219
152965  220
131000  220
146573  220
132723  220
149721  220
151309  220
136588  220
145749  220
136334  220
151042  220
131564  221
141022  221
133670  221
139679  221
140801  221
145504  221
132294  221
133556  221
147822  221
139958  221
144500  222
134872  222
136453  222
149877  222
142983  222
134539  222
142144  222
132642  222
152556  222
132859  222
136736  223
150450  223
134211  223
138284  223
149859  223
148657  223
142923  223
136541  223
140359  223
134409  223
144395  224
147301  224
145262  224
140906  224
133965  224
146404  224
148672  224
142818  224
153029  224
137008  224
138929  225
166645  225
135784  225
142430  225
136049  225
136360  225
158089  225
134904  225
141516  225
140432  225
136547  226
147813  226
135847  226
153348  226
143485  226
146722  226
151597  226
140371  226
136222  226
140496  226
147297  227
199721  227
131499  227
137362  227
147040  227
138335  227
142454  227
154574  227
145350  227
138100  227
149716  228
137601  228
150541  228
148177  228
140976  228
153834  228
149113  228
143307  228
138804  228
140857  228
158909  229
139167  229
153305  229
158914  229
148981  229
147894  229
139465  229
146030  229
138072  229
150807  229
155060  230
144985  230
155907  230
140631  230
145758  230
140114  230
139978  230
145285  230
140576  230
140295  230
163250  231
148139  231
141603  231
141310  231
151215  231
148608  231
161465  231
146908  231
141319  231
166719  231
150409  232
140589  232
153858  232
151728  232
160498  232
155395  232
245267  232
138126  232
143681  232
162771  232
155163  233
142897  233
158994  233
154947  233
152705  233
153851  233
141863  233
145011  233
154734  233
142597  233
160738  234
144377  234
160790  234
153065  234
141589  234
153557  234
153216  234
166241  234
163425  234
145373  234
143681  235
146508  235
150654  235
156519  235
152644  235
166748  235
153678  235
163234  235
148262  235
162763  235
146392  236
165862  236
144549  236
153545  236
146382  236
158528  236
157717  236
144141  236
145062  236
156311  236
160411  237
159356  237
157279  237
155006  237
155088  237
162634  237
154586  237
145308  237
149402  237
146519  237
165190  238
157693  238
145170  238
146757  238
161933  238
146377  238
155168  238
151996  238
145507  238
153574  238
159451  239
166081  239
149144  239
154663  239
150316  239
179658  239
152888  239
150267  239
163699  239
155098  239
147295  240
161870  240
149590  240
147045  240
149994  240
149508  240
149195  240
169133  240
156488  240
162385  240
163700  241
151296  241
152160  241
149623  241
150165  241
152039  241
173428  241
160644  241
148645  241
167990  241
157727  242
176160  242
150137  242
155127  242
150587  242
150879  242
168345  242
168605  242
152808  242
166097  242
165265  243
154558  243
155403  243
152051  243
171466  243
178044  243
161528  243
168825  243
153511  243
165389  243
156672  244
157385  244
151869  244
152247  244
174014  244
160776  244
153416  244
154362  244
161010  244
154521  244
153291  245
153963  245
165283  245
153994  245
161865  245
154682  245
153965  245
159176  245
152363  245
154409  245
166810  246
175193  246
155735  246
168954  246
154856  246
173627  246
174299  246
162664  246
169426  246
154292  246
162060  247
161586  247
153910  247
171861  247
174788  247
164791  247
168311  247
155287  247
154560  247
173673  247
164207  248
181960  248
178135  248
168499  248
165649  248
155387  248
161818  248
171753  248
154605  248
164406  248
173588  249
157634  249
171053  249
170785  249
157561  249
182180  249
156931  249
158458  249
158193  249
159021  249
158913  250
155105  250
158048  250
157240  250
158627  250
175147  250
167520  250
174154  250
159174  250
167746  250
168454  251
175931  251
178718  251
172604  251
157461  251
168088  251
160031  251
173818  251
160460  251
178234  251
159859  252
182965  252
158328  252
164068  252
171311  252
172284  252
168592  252
166166  252
168157  252
174062  252
177884  253
167615  253
160087  253
182175  253
173049  253
166706  253
166182  253
170170  253
179676  253
173096  253
177839  254
175746  254
164922  254
172618  254
169026  254
179868  254
173243  254
174124  254
161600  254
182333  254
167588  255
183246  255
159201  255
158945  255
172900  255
162548  255
171336  255
264814  255
176360  255
170959  255
167224  256
173460  256
166686  256
174021  256
161431  256
163261  256
178915  256
169578  256
162551  256
162064  256
165081  257
182077  257
162617  257
176636  257
170452  257
188820  257
173197  257
187346  257
175943  257
169199  257
169242  258
184762  258
179244  258
192417  258
180626  258
194409  258
185238  258
172259  258
174241  258
178496  258
167574  259
190136  259
195395  259
195725  259
164781  259
172828  259
175269  259
176489  259
188457  259
183757  259
176274  260
166336  260
182449  260
177268  260
186986  260
175527  260
168226  260
185552  260
180898  260
189224  260
182695  261
169124  261
179381  261
170578  261
184072  261
180733  261
166293  261
183871  261
192092  261
189604  261
185323  262
179438  262
186015  262
168923  262
167802  262
177205  262
173125  262
181295  262
167099  262
184245  262
193482  263
177627  263
179198  263
168123  263
185084  263
193192  263
186152  263
182228  263
183522  263
169743  263
169796  264
170172  264
183781  264
193907  264
182578  264
180555  264
199860  264
191626  264
169519  264
183140  264
191750  265
183511  265
181300  265
191403  265
171735  265
183318  265
182114  265
194462  265
187805  265
169425  265
172661  266
175889  266
197568  266
187607  266
186943  266
189841  266
181384  266
187598  266
173316  266
191126  266
183852  267
188287  267
195169  267
204668  267
182519  267
179071  267
174488  267
184289  267
169973  267
191214  267
180336  268
190029  268
181744  268
183549  268
189016  268
185794  268
202094  268
184504  268
175453  268
182736  268
187345  269
188372  269
198468  269
174576  269
174246  269
189576  269
200419  269
190643  269
174145  269
178901  269
188082  270
196152  270
194485  270
197401  270
185467  270
187441  270
180782  270
201183  270
174800  270
175361  270
192737  271
194983  271
173453  271
196152  271
189787  271
193579  271
174515  271
203626  271
190409  271
190365  271
199027  272
179328  272
195898  272
188489  272
188006  272
195974  272
199681  272
177838  272
196753  272
201157  272
199739  273
186289  273
179697  273
181372  273
179234  273
195971  273
193102  273
202543  273
175866  273
188554  273
197947  274
201922  274
197275  274
185177  274
182258  274
199916  274
195716  274
202453  274
183904  274
187354  274
188604  275
194529  275
200760  275
192208  275
179938  275
213077  275
193024  275
200180  275
204358  275
193246  275
192146  276
197931  276
206024  276
204716  276
195638  276
194787  276
205868  276
192315  276
180710  276
204248  276
201474  277
180810  277
203367  277
201505  277
206002  277
199701  277
201199  277
197359  277
194885  277
188134  277
194193  278
196865  278
183553  278
208942  278
186724  278
214232  278
189709  278
198076  278
210857  278
191811  278
206572  279
206586  279
196680  279
207066  279
195354  279
192958  279
181811  279
192969  279
202763  279
194359  279
208998  280
202638  280
201785  280
198940  280
206619  280
192313  280
209384  280
207953  280
208393  280
202996  280
194958  281
198545  281
215903  281
198416  281
205858  281
207045  281
188584  281
187070  281
187217  281
214521  281
212499  282
204725  282
207962  282
207984  282
210821  282
194541  282
213594  282
199356  282
199467  282
213736  282
202091  283
223500  283
201951  283
213142  283
187167  283
206971  283
202023  283
206037  283
199802  283
207705  283
216767  284
190227  284
216086  284
215210  284
200758  284
200096  284
202036  284
208062  284
196174  284
207773  284
207737  285
191574  285
201013  285
205018  285
208153  285
200334  285
225936  285
206456  285
189270  285
191018  285
206312  286
204522  286
199035  286
203639  286
205708  286
215414  286
189966  286
215843  286
209264  286
189104  286
191954  287
199140  287
204068  287
190713  287
214614  287
208958  287
219108  287
201624  287
218623  287
208406  287
217383  288
214035  288
210757  288
206391  288
208976  288
221875  288
194897  288
209415  288
203134  288
211818  288
215936  289
220491  289
212884  289
207924  289
209128  289
224977  289
214670  289
209804  289
224400  289
218477  289
208216  290
230489  290
210991  290
212616  290
225159  290
195515  290
221384  290
208589  290
221513  290
215568  290
224110  291
216782  291
210744  291
211880  291
221751  291
212878  291
203336  291
228865  291
217415  291
198997  291
213194  292
215999  292
214279  292
216345  292
225558  292
211764  292
218008  292
210728  292
194955  292
210161  292
219126  293
223357  293
217295  293
211389  293
222514  293
213826  293
226587  293
213774  293
212009  293
221365  293
218616  294
208232  294
214435  294
205548  294
206852  294
199389  294
218802  294
211836  294
225344  294
207696  294
217009  295
215679  295
223316  295
230245  295
229797  295
198624  295
208259  295
217811  295
213980  295
206847  295
212244  296
200675  296
200959  296
219431  296
228988  296
219856  296
217215  296
252335  296
211451  296
199865  296
223535  297
215069  297
213371  297
215749  297
222010  297
226153  297
216839  297
226382  297
205726  297
224054  297
207004  298
218246  298
231785  298
223835  298
204415  298
204279  298
220369  298
204543  298
216654  298
223196  298
216970  299
203050  299
222653  299
206193  299
222040  299
211514  299
230919  299
212741  299
216537  299
224798  299
221437  300
219892  300
221310  300
222912  300
214549  300
222885  300
223009  300
217729  300
220516  300
225415  300
