23  3
25  3
25  3
28  3
26  3
26  3
26  3
22  3
22  3
23  3
34  4
35  4
35  4
37  4
37  4
30  4
29  4
39  4
35  4
35  4
50  5
42  5
34  5
34  5
41  5
41  5
45  5
45  5
45  5
48  5
70  6
67  6
56  6
45  6
45  6
60  6
60  6
56  6
46  6
46  6
67  7
67  7
59  7
60  7
69  7
69  7
59  7
59  7
59  7
84  7
107  8
116  8
127  8
128  8
94  8
95  8
90  8
88  8
75  8
76  8
92  9
92  9
93  9
107  9
108  9
144  9
115  9
142  9
149  9
121  9
148  10
123  10
77  10
144  10
144  10
144  10
170  10
156  10
158  10
114  10
132  11
134  11
173  11
175  11
188  11
196  11
167  11
137  11
133  11
133  11
156  12
156  12
156  12
157  12
205  12
213  12
205  12
156  12
158  12
191  12
213  13
190  13
181  13
181  13
181  13
182  13
184  13
179  13
238  13
219  13
257  14
276  14
244  14
244  14
208  14
210  14
208  14
262  14
264  14
261  14
353  15
352  15
408  15
279  15
278  15
300  15
300  15
240  15
239  15
252  15
326  16
338  16
342  16
418  16
275  16
284  16
291  16
269  16
338  16
338  16
383  17
430  17
398  17
395  17
332  17
332  17
428  17
312  17
305  17
382  17
426  18
440  18
443  18
474  18
359  18
349  18
425  18
410  18
336  18
338  18
561  19
374  19
377  19
438  19
492  19
505  19
437  19
439  19
385  19
385  19
329  20
486  20
467  20
413  20
414  20
413  20
414  20
414  20
416  20
413  20
594  21
567  21
551  21
595  21
594  21
554  21
549  21
622  21
453  21
455  21
355  22
530  22
607  22
509  22
498  22
498  22
568  22
520  22
497  22
586  22
634  23
613  23
603  23
593  23
658  23
735  23
554  23
545  23
541  23
592  23
646  24
484  24
590  24
585  24
624  24
587  24
587  24
648  24
588  24
590  24
635  25
649  25
861  25
721  25
717  25
701  25
656  25
773  25
801  25
884  25
890  26
883  26
689  26
685  26
728  26
775  26
781  26
721  26
684  26
866  26
767  27
738  27
737  27
865  27
866  27
741  27
963  27
867  27
920  27
953  27
789  28
793  28
872  28
790  28
793  28
794  28
869  28
906  28
1031  28
1046  28
901  29
852  29
853  29
1041  29
997  29
853  29
885  29
888  29
909  29
904  29
1112  30
906  30
910  30
1043  30
939  30
1083  30
1066  30
998  30
1004  30
953  30
968  31
1097  31
1142  31
1177  31
1137  31
1096  31
972  31
966  31
976  31
971  31
1203  32
1179  32
1043  32
1037  32
1034  32
1035  32
1162  32
1206  32
1136  32
1033  32
1090  33
1202  33
1163  33
1094  33
1240  33
1246  33
1277  33
1369  33
1396  33
1134  33
1175  34
1159  34
1164  34
1169  34
1158  34
1163  34
1171  34
1184  34
1255  34
1168  34
1241  35
1229  35
1388  35
3404  35
1287  35
1403  35
1446  35
1356  35
1454  35
1299  35
1295  36
2135  36
1303  36
1324  36
1307  36
1335  36
1350  36
1306  36
1389  36
1394  36
1378  37
1430  37
1378  37
1666  37
1552  37
1365  37
1369  37
1386  37
1380  37
1429  37
1539  38
1529  38
1443  38
1597  38
1505  38
1468  38
1450  38
1451  38
1534  38
1443  38
1518  39
1575  39
1519  39
1515  39
1668  39
1577  39
1563  39
1583  39
1525  39
1569  39
1600  40
1592  40
1767  40
1764  40
1598  40
1805  40
1610  40
1647  40
1750  40
1635  40
1857  41
1800  41
2295  41
1695  41
1676  41
1681  41
1669  41
1681  41
1702  41
1693  41
1761  42
1773  42
1786  42
1773  42
1762  42
1886  42
1924  42
1770  42
1752  42
1884  42
1865  43
1865  43
1835  43
1849  43
1844  43
1861  43
1857  43
1902  43
1846  43
1871  43
2105  44
1942  44
1933  44
1938  44
1956  44
1926  44
1927  44
1928  44
2136  44
1973  44
2029  45
2184  45
3958  45
2109  45
2012  45
3811  45
2037  45
2013  45
2027  45
2203  45
2107  46
2315  46
2107  46
2124  46
2095  46
2108  46
2103  46
2246  46
2100  46
2143  46
2197  47
2203  47
2215  47
2200  47
2192  47
2194  47
2417  47
2192  47
2484  47
2379  47
2310  48
2363  48
2321  48
2316  48
2296  48
2308  48
2328  48
2335  48
2321  48
2332  48
2406  49
2418  49
2436  49
2541  49
2416  49
2419  49
2425  49
2424  49
2416  49
2424  49
2516  50
2536  50
2792  50
2514  50
2500  50
2544  50
2522  50
2518  50
2590  50
2508  50
2864  51
2613  51
2674  51
2802  51
2625  51
2609  51
2598  51
2817  51
2692  51
2619  51
2737  52
2730  52
2719  52
2723  52
2901  52
2717  52
2742  52
2708  52
2729  52
2938  52
2828  53
2845  53
2849  53
2822  53
2874  53
2832  53
2827  53
2930  53
2932  53
2831  53
2933  54
3089  54
2947  54
2917  54
2945  54
2944  54
3077  54
3060  54
2934  54
2939  54
3093  55
3044  55
3056  55
3040  55
3052  55
3027  55
3043  55
3025  55
3225  55
3052  55
3145  56
3203  56
3144  56
3140  56
3285  56
3177  56
3167  56
3154  56
3144  56
3154  56
3439  57
3265  57
3264  57
3246  57
3288  57
3268  57
3602  57
3260  57
3257  57
3290  57
3577  58
3381  58
3591  58
3390  58
3388  58
3430  58
3373  58
3377  58
3393  58
3578  58
3483  59
3495  59
3506  59
3504  59
3515  59
4306  59
3363  59
3477  59
3502  59
3512  59
3619  60
3616  60
3671  60
3656  60
3605  60
3661  60
3614  60
3600  60
3597  60
3615  60
3738  61
5592  61
3775  61
4320  61
3731  61
3728  61
3730  61
3737  61
3765  61
3726  61
3916  62
3868  62
3877  62
3870  62
3852  62
3859  62
3867  62
3852  62
3855  62
3908  62
3972  63
4397  63
3985  63
3990  63
3980  63
3980  63
3977  63
3993  63
4241  63
3973  63
4104  64
4136  64
4104  64
4147  64
6518  64
4374  64
4093  64
4183  64
4116  64
4671  64
4233  65
4786  65
4584  65
4809  65
4314  65
4243  65
5128  65
4226  65
4259  65
4239  65
4602  66
4343  66
4461  66
4341  66
4517  66
4357  66
4747  66
4359  66
4375  66
4513  66
4499  67
4514  67
4519  67
4476  67
4491  67
4495  67
4522  67
4509  67
4490  67
4497  67
5594  68
4636  68
4806  68
4631  68
4632  68
4686  68
4624  68
4661  68
4618  68
4691  68
4903  69
4773  69
4992  69
4793  69
4798  69
4772  69
4808  69
4770  69
5545  69
4806  69
5121  70
4899  70
4904  70
4945  70
4945  70
4898  70
4945  70
5014  70
4909  70
4901  70
6300  71
5049  71
5053  71
5045  71
5213  71
5182  71
5127  71
5026  71
5044  71
5104  71
5156  72
5231  72
5176  72
5218  72
5178  72
5176  72
5222  72
5181  72
5236  72
5174  72
5326  73
5327  73
5334  73
5325  73
5322  73
5374  73
5326  73
5302  73
5314  73
5364  73
5477  74
5434  74
5451  74
5465  74
5441  74
5484  74
5462  74
5470  74
5486  74
5456  74
5780  75
5614  75
5624  75
5599  75
5591  75
5724  75
5626  75
5595  75
5587  75
5656  75
6040  76
5726  76
5711  76
5779  76
5719  76
5765  76
5739  76
5714  76
5943  76
5722  76
5863  77
5918  77
5843  77
5890  77
5880  77
5886  77
5959  77
5882  77
5877  77
6074  77
6025  78
6063  78
6028  78
6031  78
6093  78
6004  78
6029  78
6034  78
6209  78
6016  78
6184  79
6260  79
6184  79
6330  79
6157  79
6222  79
6216  79
6157  79
6165  79
6230  79
6315  80
6361  80
6456  80
6349  80
6336  80
6583  80
6344  80
6349  80
6341  80
6436  80
6486  81
6466  81
6572  81
6495  81
6640  81
6565  81
11974  81
6481  81
6519  81
8380  81
6649  82
6639  82
6702  82
6644  82
6808  82
6636  82
6853  82
6675  82
6660  82
7567  82
6799  83
6815  83
7002  83
6804  83
6807  83
6839  83
6827  83
6819  83
6797  83
6866  83
6997  84
7115  84
7187  84
6965  84
6995  84
7403  84
6973  84
6980  84
7018  84
7233  84
7142  85
7147  85
7146  85
7153  85
7871  85
7112  85
7144  85
7226  85
7192  85
7420  85
7305  86
7899  86
7319  86
7327  86
7295  86
8045  86
7283  86
7308  86
7321  86
9194  86
7505  87
7470  87
7475  87
7527  87
7578  87
7499  87
7490  87
7577  87
7633  87
7478  87
7651  88
7643  88
8221  88
7657  88
7665  88
7632  88
7691  88
7693  88
7728  88
7665  88
7842  89
7815  89
7886  89
7826  89
7842  89
7850  89
7830  89
8041  89
7828  89
7888  89
10178  90
8134  90
8069  90
7993  90
7976  90
7970  90
8137  90
11321  90
8004  90
7996  90
8152  91
8237  91
8267  91
8244  91
8171  91
8160  91
8150  91
8271  91
8167  91
8825  91
8336  92
8334  92
8414  92
8422  92
8444  92
8322  92
8333  92
8365  92
8433  92
8377  92
8520  93
10386  93
8526  93
8518  93
8548  93
8884  93
8597  93
8601  93
8634  93
8611  93
8720  94
8716  94
8707  94
8846  94
8840  94
8753  94
8736  94
8857  94
8794  94
8718  94
8885  95
8894  95
8900  95
8884  95
9005  95
8980  95
8895  95
8897  95
9005  95
8956  95
9166  96
9097  96
9056  96
9082  96
11093  96
9085  96
9041  96
9323  96
9086  96
9082  96
9433  97
9473  97
9312  97
9338  97
9296  97
9287  97
9265  97
9311  97
9273  97
9280  97
9449  98
9556  98
9530  98
9521  98
9474  98
9437  98
9485  98
9462  98
9498  98
9502  98
9692  99
9654  99
9663  99
9672  99
9632  99
9670  99
9734  99
9749  99
13003  99
9677  99
9931  100
9884  100
9928  100
9956  100
9861  100
9890  100
9856  100
9846  100
9835  100
9843  100
10073  101
10117  101
10031  101
10078  101
10046  101
10042  101
10036  101
10036  101
10057  101
10101  101
10231  102
10269  102
10244  102
10263  102
10261  102
10209  102
10241  102
10248  102
10321  102
10264  102
11779  103
10467  103
10435  103
10474  103
10406  103
10432  103
10437  103
10523  103
10466  103
10527  103
10775  104
10717  104
10716  104
10787  104
10681  104
10734  104
10900  104
10841  104
10882  104
10753  104
10946  105
11474  105
10906  105
11023  105
10919  105
11037  105
10936  105
10938  105
11021  105
11001  105
11087  106
11377  106
11114  106
11060  106
11184  106
11059  106
11338  106
10645  106
11206  106
11018  106
11262  107
11252  107
11243  107
11339  107
11273  107
11282  107
11282  107
11274  107
11326  107
11360  107
11555  108
11548  108
11590  108
11553  108
11545  108
11517  108
11493  108
11517  108
11458  108
11550  108
12222  109
13578  109
13198  109
11769  109
11713  109
11942  109
13945  109
12745  109
12029  109
11720  109
11942  110
11950  110
11869  110
11908  110
12738  110
11974  110
11992  110
11919  110
11907  110
11918  110
12265  111
12442  111
12166  111
12164  111
12241  111
12155  111
12219  111
12149  111
12156  111
13005  111
12762  112
13191  112
12385  112
12403  112
12829  112
13226  112
12469  112
12340  112
12297  112
12402  112
12630  113
12680  113
12600  113
12569  113
12633  113
12519  113
12614  113
12857  113
12741  113
14457  113
14900  114
12937  114
12774  114
12860  114
12773  114
13089  114
12836  114
13050  114
12781  114
12795  114
13152  115
13036  115
16325  115
13856  115
13175  115
13025  115
13066  115
13527  115
13172  115
13057  115
13239  116
13260  116
13231  116
13328  116
13266  116
14686  116
13299  116
13212  116
13332  116
13308  116
13442  117
13500  117
16190  117
13545  117
13511  117
14170  117
14239  117
13583  117
13817  117
15285  117
14013  118
13806  118
13737  118
13812  118
13785  118
13687  118
13729  118
14480  118
14030  118
13717  118
13998  119
15402  119
13947  119
13943  119
13905  119
15920  119
14022  119
13945  119
18014  119
14061  119
14222  120
15701  120
14295  120
16730  120
14288  120
14825  120
14500  120
14209  120
14240  120
14219  120
14597  121
14638  121
14607  121
14605  121
14637  121
14776  121
14602  121
14658  121
14591  121
14648  121
15165  122
14826  122
14994  122
14949  122
14793  122
15077  122
15191  122
16329  122
17162  122
14794  122
14975  123
15149  123
15103  123
15086  123
15163  123
15110  123
15111  123
15198  123
15097  123
15165  123
15467  124
15478  124
15802  124
16891  124
16078  124
15539  124
15438  124
15392  124
15419  124
15287  124
15629  125
15617  125
15565  125
15677  125
15569  125
15639  125
15736  125
15588  125
18149  125
17233  125
15905  126
15875  126
15815  126
15846  126
15943  126
18491  126
15743  126
15800  126
16025  126
15800  126
16151  127
22499  127
16034  127
18642  127
16057  127
16233  127
16164  127
16097  127
16082  127
16097  127
17119  128
17169  128
16348  128
16350  128
16563  128
16310  128
16367  128
16378  128
16364  128
16449  128
16631  129
16668  129
17122  129
16617  129
17300  129
16731  129
16672  129
16611  129
16630  129
16609  129
16956  130
16883  130
17086  130
16979  130
16820  130
16902  130
16868  130
17015  130
16941  130
16983  130
18389  131
17048  131
17175  131
17165  131
17322  131
18065  131
17210  131
17177  131
17152  131
17156  131
17385  132
17448  132
17344  132
17414  132
17418  132
17457  132
17551  132
17375  132
17531  132
17413  132
17916  133
17615  133
19455  133
17753  133
21083  133
17765  133
18219  133
17711  133
17955  133
17682  133
18021  134
17935  134
17959  134
17932  134
17975  134
17907  134
17873  134
17882  134
18048  134
17886  134
18232  135
18235  135
20893  135
18200  135
18237  135
18254  135
18149  135
18100  135
18200  135
18204  135
18425  136
18485  136
18397  136
18531  136
18504  136
20832  136
18493  136
18355  136
18428  136
18491  136
19202  137
18713  137
18942  137
18871  137
18670  137
18779  137
20305  137
18877  137
18613  137
18773  137
19026  138
19068  138
18917  138
19757  138
19037  138
22445  138
19224  138
18924  138
18968  138
18970  138
19331  139
19279  139
19350  139
19271  139
19540  139
21569  139
19343  139
19307  139
19451  139
19213  139
19731  140
19531  140
19731  140
19545  140
19637  140
19591  140
19571  140
19782  140
19463  140
19609  140
19896  141
20029  141
20060  141
20088  141
39818  141
22393  141
20144  141
19779  141
19900  141
19734  141
20500  142
20007  142
20592  142
20007  142
20198  142
20085  142
20490  142
20186  142
20033  142
20320  142
20395  143
20372  143
20690  143
20408  143
20467  143
20371  143
20467  143
20314  143
20356  143
20446  143
20652  144
20706  144
20721  144
42152  144
29494  144
27232  144
27118  144
23260  144
20807  144
21503  144
21194  145
20969  145
21426  145
20933  145
21027  145
20932  145
21214  145
20892  145
21789  145
21072  145
21313  146
21578  146
23985  146
22691  146
21569  146
21656  146
21518  146
21895  146
21149  146
21463  146
21811  147
21634  147
21818  147
22021  147
21597  147
21560  147
21584  147
21477  147
21542  147
21637  147
26610  148
21961  148
21888  148
21910  148
22006  148
21905  148
21955  148
21938  148
21884  148
21817  148
22191  149
22101  149
22174  149
22562  149
23797  149
22275  149
22155  149
23867  149
22196  149
22698  149
23545  150
23448  150
22583  150
22449  150
22590  150
22600  150
22478  150
22408  150
22490  150
23377  150
25381  151
23460  151
23517  151
26062  151
23574  151
23489  151
23703  151
23771  151
23364  151
23451  151
23939  152
26275  152
23808  152
25616  152
23939  152
24444  152
23763  152
26323  152
23772  152
23845  152
24091  153
24009  153
24121  153
24060  153
28141  153
26672  153
25044  153
24028  153
23464  153
23514  153
27341  154
25103  154
25330  154
28108  154
24164  154
24221  154
24092  154
24266  154
24316  154
24114  154
24664  155
24865  155
24620  155
27370  155
24907  155
24788  155
25429  155
25269  155
24689  155
32205  155
25150  156
25027  156
25082  156
25126  156
24988  156
25066  156
25098  156
25032  156
25116  156
25353  156
26374  157
25432  157
25470  157
25581  157
25978  157
25556  157
25270  157
25452  157
25358  157
26098  157
26105  158
25599  158
25668  158
25755  158
25773  158
25724  158
25691  158
25786  158
25749  158
28274  158
25982  159
26028  159
26011  159
26068  159
26055  159
26138  159
27653  159
26007  159
26112  159
26342  159
26513  160
27742  160
34048  160
26510  160
26256  160
26645  160
26348  160
26318  160
26430  160
31338  160
26674  161
26664  161
26689  161
26604  161
26633  161
26630  161
27372  161
26787  161
26559  161
26755  161
27024  162
28600  162
27111  162
27108  162
27163  162
27089  162
27071  162
28473  162
26863  162
27048  162
27099  163
27988  163
27460  163
27518  163
27388  163
27309  163
27257  163
27276  163
27297  163
27470  163
27873  164
27607  164
27955  164
28087  164
28864  164
27717  164
28420  164
27637  164
27556  164
27696  164
28096  165
27945  165
27919  165
27990  165
27980  165
30786  165
28088  165
28356  165
29000  165
28080  165
29022  166
28161  166
28203  166
28304  166
28348  166
28506  166
28265  166
28307  166
28235  166
28402  166
28924  167
29215  167
28638  167
28888  167
30617  167
28769  167
28686  167
28549  167
28641  167
28634  167
29003  168
28956  168
29132  168
29231  168
32658  168
29071  168
29100  168
29143  168
28984  168
29098  168
29376  169
29382  169
29316  169
29321  169
29501  169
29349  169
29638  169
30327  169
29354  169
31274  169
29856  170
29535  170
29887  170
29810  170
30215  170
29684  170
30161  170
29901  170
31228  170
29736  170
30946  171
30012  171
30131  171
30073  171
30040  171
32504  171
30011  171
32499  171
30125  171
30731  171
31147  172
30994  172
47634  172
31158  172
30491  172
30463  172
30869  172
30584  172
30375  172
30513  172
31150  173
30906  173
32787  173
30862  173
31219  173
30785  173
30779  173
30871  173
30829  173
30914  173
31096  174
33082  174
31385  174
31724  174
31611  174
31181  174
32689  174
31660  174
31645  174
31376  174
31727  175
31473  175
31560  175
31748  175
31462  175
31755  175
31926  175
31605  175
34435  175
31539  175
31941  176
32260  176
32115  176
32561  176
32081  176
31999  176
32054  176
32652  176
32373  176
33773  176
32371  177
32375  177
32310  177
34644  177
32181  177
32334  177
32463  177
33155  177
33121  177
34669  177
34967  178
34570  178
33670  178
33531  178
33616  178
33525  178
36094  178
33802  178
33659  178
34689  178
34619  179
34370  179
27119  179
34338  179
34087  179
35693  179
33994  179
33890  179
35467  179
33910  179
35019  180
34419  180
35042  180
37403  180
34560  180
34452  180
34939  180
34536  180
34498  180
34389  180
35221  181
35109  181
34953  181
36033  181
35694  181
35112  181
35086  181
35611  181
34883  181
34683  181
35780  182
35280  182
35655  182
36712  182
36210  182
35481  182
35412  182
36340  182
36990  182
35266  182
35689  183
35559  183
35399  183
36096  183
36284  183
38707  183
35707  183
35737  183
35764  183
35629  183
36039  184
35828  184
36315  184
36613  184
36635  184
36639  184
38942  184
36583  184
36036  184
35880  184
36218  185
36598  185
38003  185
36987  185
37568  185
36813  185
37876  185
36633  185
36721  185
36436  185
36850  186
36968  186
36850  186
37209  186
37230  186
36979  186
37389  186
36870  186
36977  186
36776  186
37182  187
37142  187
37275  187
37468  187
37413  187
37887  187
57945  187
36899  187
37101  187
37172  187
37589  188
38045  188
37718  188
39394  188
49255  188
39537  188
41835  188
37872  188
37612  188
38173  188
38138  189
38385  189
38024  189
39077  189
38076  189
47170  189
39208  189
38165  189
38265  189
38049  189
38643  190
39067  190
38407  190
41392  190
38232  190
48050  190
38193  190
38859  190
39935  190
38647  190
39002  191
39654  191
39106  191
43019  191
39460  191
39849  191
44897  191
38910  191
41429  191
39136  191
41479  192
39361  192
39998  192
39300  192
39072  192
39770  192
39697  192
39410  192
39618  192
39560  192
39980  193
39891  193
39923  193
40246  193
40138  193
39640  193
39864  193
39444  193
40029  193
39499  193
40182  194
40112  194
40385  194
39577  194
40822  194
40230  194
40200  194
40272  194
40223  194
40399  194
40871  195
40384  195
42125  195
41280  195
44603  195
40838  195
40405  195
40642  195
40673  195
40630  195
41236  196
44488  196
41243  196
41032  196
43057  196
40706  196
40731  196
41141  196
41567  196
41327  196
42864  197
43627  197
42089  197
41129  197
42149  197
41672  197
41697  197
40937  197
41470  197
41467  197
43848  198
41857  198
44979  198
41277  198
42513  198
41575  198
41391  198
41544  198
42473  198
42185  198
47011  199
43314  199
41912  199
42929  199
44036  199
41941  199
42788  199
44156  199
42731  199
43934  199
49596  200
44415  200
42762  200
42773  200
43105  200
43096  200
42274  200
42400  200
42159  200
43346  200
42633  201
43418  201
42766  201
42787  201
42747  201
42851  201
43372  201
43782  201
49876  201
42339  201
43128  202
43037  202
43106  202
43064  202
43055  202
46880  202
43176  202
45499  202
43095  202
44153  202
43570  203
43847  203
43630  203
44474  203
43923  203
44170  203
43384  203
43313  203
46240  203
43932  203
44471  204
44843  204
44593  204
46830  204
49014  204
46822  204
44702  204
44072  204
44254  204
44260  204
44345  205
44594  205
44445  205
45000  205
46790  205
44495  205
44719  205
44375  205
44678  205
44501  205
45833  206
45114  206
52388  206
44980  206
44947  206
45241  206
44845  206
45316  206
45075  206
55179  206
50182  207
45582  207
46259  207
45255  207
45361  207
45832  207
45944  207
45328  207
48436  207
45443  207
51693  208
45744  208
46107  208
44746  208
46185  208
45766  208
54125  208
44944  208
48649  208
46649  208
45314  209
46372  209
46938  209
45863  209
46010  209
47774  209
47681  209
46369  209
46168  209
46260  209
46579  210
47493  210
46373  210
48038  210
49747  210
46759  210
45634  210
46522  210
45899  210
46864  210
47419  211
48082  211
51895  211
47055  211
47219  211
48721  211
46665  211
48895  211
46761  211
49253  211
47534  212
47522  212
56329  212
49881  212
49392  212
50020  212
47537  212
46714  212
50067  212
47525  212
48715  213
46810  213
48201  213
47407  213
48421  213
50724  213
50972  213
48458  213
50319  213
50364  213
51506  214
48621  214
48272  214
48446  214
51414  214
48664  214
51523  214
48096  214
50875  214
50885  214
51615  215
48577  215
51892  215
48213  215
51351  215
47979  215
71544  215
48661  215
49284  215
51790  215
52153  216
52016  216
49172  216
50234  216
52562  216
51054  216
49542  216
51191  216
52292  216
48715  216
50167  217
49672  217
51668  217
50394  217
52934  217
52455  217
50046  217
50005  217
53614  217
50843  217
50689  218
37499  218
47485  218
51719  218
49610  218
50286  218
57100  218
51890  218
49515  218
50870  218
53764  219
50072  219
53621  219
51712  219
51032  219
53733  219
40258  219
54030  219
50324  219
53753  219
50839  220
54397  220
51670  220
51170  220
56362  220
50687  220
54387  220
51495  220
54893  220
51719  220
51793  221
52704  221
58633  221
52614  221
54259  221
51718  221
52281  221
54162  221
52241  221
52635  221
55259  222
53124  222
51323  222
53023  222
52915  222
53267  222
56198  222
52903  222
55864  222
54649  222
53084  223
55585  223
56504  223
53535  223
56135  223
52817  223
56202  223
53083  223
52893  223
56462  223
53149  224
57499  224
53120  224
57034  224
54093  224
57681  224
54335  224
54343  224
53707  224
55337  224
57138  225
53475  225
55472  225
54815  225
53471  225
55445  225
56653  225
55370  225
56563  225
60211  225
54095  226
55113  226
54217  226
57982  226
54349  226
60016  226
58787  226
55129  226
56795  226
58474  226
56110  227
55648  227
57744  227
56305  227
58585  227
54683  227
58603  227
55595  227
57042  227
56454  227
58717  228
59368  228
56429  228
57718  228
58244  228
55480  228
58138  228
55572  228
64482  228
60963  228
57331  229
56935  229
56783  229
59660  229
60600  229
57865  229
56157  229
55875  229
60324  229
56127  229
56901  230
60495  230
56691  230
57131  230
56664  230
62017  230
57884  230
56962  230
56630  230
59310  230
57391  231
60356  231
58200  231
58998  231
56921  231
59758  231
57015  231
61259  231
57437  231
57460  231
58193  232
52935  232
58428  232
58024  232
58324  232
58734  232
62383  232
58682  232
76694  232
51482  232
58085  233
64348  233
57571  233
60671  233
59816  233
59815  233
62889  233
61985  233
59484  233
61072  233
59088  234
63518  234
60705  234
63795  234
59298  234
62064  234
59886  234
61610  234
59276  234
60330  234
60436  235
63283  235
62537  235
59942  235
61354  235
58866  235
61926  235
61546  235
68368  235
59609  235
59274  236
61947  236
60188  236
60384  236
58900  236
60372  236
61050  236
50130  236
61083  236
63630  236
60647  237
64311  237
61027  237
78058  237
60365  237
60730  237
59561  237
60078  237
61513  237
60112  237
61713  238
62676  238
60687  238
60247  238
64595  238
61088  238
62576  238
62152  238
73605  238
61462  238
62029  239
61115  239
62120  239
62671  239
65734  239
66945  239
65508  239
61645  239
61601  239
62551  239
62182  240
65708  240
75871  240
62043  240
62357  240
49698  240
64698  240
65717  240
62224  240
61968  240
72645  241
69440  241
63341  241
61937  241
63155  241
65962  241
64002  241
68270  241
63161  241
62524  241
63410  242
63488  242
62653  242
64268  242
63902  242
64110  242
65177  242
67067  242
63714  242
63191  242
64287  243
67244  243
63407  243
64574  243
63064  243
68287  243
64271  243
72442  243
64284  243
63278  243
65797  244
68633  244
65083  244
63557  244
68120  244
64776  244
66241  244
64723  244
65919  244
68347  244
68930  245
65483  245
70137  245
61834  245
70546  245
65397  245
66155  245
67886  245
69860  245
66383  245
72997  246
66230  246
65220  246
68224  246
65689  246
67216  246
69259  246
69921  246
65316  246
68351  246
66503  247
67915  247
67657  247
71641  247
68866  247
70494  247
66891  247
66758  247
69401  247
66661  247
69954  248
67441  248
68731  248
67410  248
66729  248
67173  248
69056  248
67813  248
67691  248
71479  248
68495  249
68308  249
70745  249
67461  249
67624  249
72344  249
68730  249
66910  249
71313  249
67844  249
68756  250
68987  250
68932  250
72331  250
69001  250
68713  250
68820  250
68381  250
69289  250
68322  250
69713  251
72970  251
69119  251
72479  251
69161  251
72512  251
71161  251
71076  251
71918  251
69263  251
70211  252
70174  252
68424  252
73467  252
70859  252
68585  252
72517  252
70006  252
69471  252
70115  252
69838  253
75338  253
70396  253
69644  253
69545  253
72856  253
79501  253
58097  253
67873  253
74396  253
67222  254
73782  254
71910  254
71227  254
70246  254
71164  254
71609  254
74256  254
71646  254
74914  254
71574  255
70865  255
73324  255
71524  255
72180  255
71020  255
71891  255
73738  255
49171  255
72860  255
52620  256
71715  256
72769  256
59558  256
74350  256
58291  256
74050  256
72192  256
75686  256
55646  256
79533  257
52165  257
74962  257
52240  257
63171  257
71425  257
73609  257
75740  257
45532  257
71559  257
71946  258
72649  258
49905  258
72020  258
72236  258
72826  258
76807  258
56764  258
73366  258
56991  258
74618  259
53318  259
74961  259
55765  259
73118  259
55225  259
73125  259
73776  259
47065  259
76835  259
55740  260
77487  260
62336  260
73845  260
73014  260
56208  260
71923  260
58173  260
77666  260
58151  260
72845  261
57954  261
79012  261
64621  261
74082  261
56229  261
77809  261
58485  261
77100  261
62768  261
75893  262
57023  262
79833  262
63240  262
77263  262
56605  262
77905  262
57922  262
77344  262
59527  262
77244  263
57279  263
73128  263
58813  263
78320  263
61117  263
79459  263
56739  263
75200  263
59857  263
70929  264
79385  264
63883  264
79322  264
61039  264
75919  264
82764  264
62757  264
80891  264
59193  264
75362  265
63932  265
76881  265
62760  265
80734  265
62595  265
75208  265
55161  265
74100  265
59382  265
81049  266
60407  266
78878  266
62143  266
76686  266
56002  266
75625  266
59532  266
68969  266
75903  266
58251  267
79395  267
61287  267
80045  267
64803  267
78482  267
76969  267
59071  267
77563  267
56652  267
76067  268
63852  268
77166  268
59445  268
71645  268
58424  268
76190  268
64579  268
77774  268
64726  268
78017  269
66595  269
79596  269
63243  269
81833  269
66191  269
81154  269
63186  269
81008  269
54906  269
74740  270
64500  270
73829  270
59780  270
75134  270
57266  270
80889  270
61750  270
78428  270
62258  270
79231  271
61180  271
76870  271
65119  271
78892  271
62573  271
78712  271
61863  271
80546  271
63637  271
81227  272
64143  272
79780  272
66433  272
57394  272
80140  272
65410  272
80171  272
56931  272
80800  272
64330  273
79395  273
62896  273
80480  273
59786  273
79314  273
64663  273
82287  273
62524  273
81893  273
67427  274
67656  274
82828  274
64852  274
82565  274
66225  274
82252  274
63375  274
82324  274
64416  274
79989  275
66835  275
78753  275
59511  275
71184  275
62165  275
82155  275
68796  275
50117  275
81064  275
53764  276
79903  276
59966  276
84157  276
65026  276
80165  276
60919  276
81271  276
65789  276
64179  276
69735  277
63976  277
81415  277
65209  277
76015  277
62962  277
76296  277
61392  277
79898  277
67006  277
62588  278
81656  278
64071  278
71077  278
65137  278
82794  278
69048  278
60944  278
76187  278
69922  278
78452  279
72076  279
58769  279
81520  279
66365  279
58628  279
85469  279
65994  279
81957  279
64454  279
81792  280
74577  280
64288  280
84769  280
61573  280
82350  280
62194  280
81792  280
61799  280
61912  280
84758  281
74262  281
56039  281
81724  281
62812  281
75295  281
86065  281
69719  281
68472  281
62069  281
83820  282
73470  282
58692  282
64228  282
82171  282
69954  282
62480  282
84196  282
58152  282
84504  282
64787  283
59870  283
86443  283
81193  283
64350  283
60166  283
81945  283
71563  283
70753  283
69045  283
56846  284
82971  284
68329  284
60409  284
68790  284
64488  284
85258  284
69978  284
69309  284
58881  284
83022  285
67098  285
69951  285
71909  285
66453  285
82783  285
70765  285
71950  285
66229  285
71094  285
87908  286
71862  286
73398  286
69266  286
61980  286
67199  286
86921  286
73517  286
67734  286
54595  286
81958  287
71686  287
73244  287
64618  287
69600  287
84045  287
69251  287
83864  287
67544  287
71815  287
69238  288
68043  288
71930  288
68667  288
75129  288
55951  288
82300  288
71593  288
64645  288
73220  288
70395  289
71298  289
87060  289
85927  289
75174  289
66934  289
69925  289
87984  289
71094  289
76826  289
74230  290
73702  290
66817  290
62348  290
76128  290
67402  290
66617  290
87188  290
72308  290
75435  290
63773  291
73414  291
71829  291
62271  291
76638  291
76365  291
74139  291
66705  291
61814  291
77392  291
68142  292
75067  292
76786  292
72937  292
67306  292
72488  292
76905  292
71951  292
74175  292
67758  292
69207  293
72917  293
63576  293
82721  293
72798  293
68114  293
70223  293
86766  293
71495  293
65196  293
68221  294
90124  294
72113  294
69542  294
89835  294
58652  294
86346  294
69172  294
70805  294
73147  294
67279  295
91554  295
76933  295
72960  295
75064  295
67866  295
87161  295
69945  295
81021  295
70410  295
63841  296
87378  296
71612  296
66698  296
87493  296
79782  296
76820  296
70042  296
68504  296
70096  296
69128  297
78261  297
64428  297
89784  297
85622  297
74020  297
78673  297
72625  297
77093  297
81156  297
69282  298
72240  298
87837  298
72601  298
64615  298
88725  298
76159  298
70328  298
70480  298
67175  298
68662  299
74480  299
65333  299
86530  299
73882  299
66214  299
78311  299
65725  299
93256  299
75261  299
79908  300
71574  300
66801  300
67327  300
90061  300
76742  300
66123  300
71629  300
63259  300
82059  300
