1358  5
4200  5
4144  5
754  5
4108  5
2373  5
2983  5
2789  5
4163  5
1562  5
420  6
539  6
490  6
382  6
2140  6
2271  6
4057  6
4179  6
4159  6
4101  6
4002  7
3098  7
1675  7
557  7
3527  7
4141  7
2286  7
4216  7
256  7
1612  7
3511  8
4189  8
4279  8
354  8
4141  8
1697  8
2509  8
2739  8
2384  8
7751  8
2245  9
3802  9
2579  9
4290  9
2003  9
3105  9
2603  9
3995  9
2929  9
3298  9
319  10
4251  10
4210  10
4617  10
3461  10
4266  10
4182  10
328  10
4227  10
4192  10
1934  11
4250  11
1609  11
4296  11
399  11
3809  11
4283  11
1230  11
3710  11
384  11
4283  12
4333  12
3448  12
3178  12
461  12
4287  12
3659  12
479  12
3322  12
2344  12
426  13
438  13
4354  13
423  13
4297  13
4302  13
9591  13
4303  13
4296  13
4514  13
4341  14
3404  14
3066  14
4232  14
4396  14
3460  14
468  14
5885  14
560  14
4402  14
6436  15
4441  15
4285  15
2976  15
2435  15
4405  15
1341  15
3714  15
2162  15
720  15
4505  16
1277  16
4437  16
8823  16
5665  16
4459  16
596  16
654  16
519  16
2853  16
566  17
1733  17
4445  17
4494  17
661  17
2157  17
5045  17
3689  17
4489  17
1570  17
1482  18
4732  18
707  18
4519  18
4593  18
809  18
4540  18
8031  18
2092  18
671  18
4556  19
7946  19
2765  19
2889  19
4577  19
1320  19
4686  19
4808  19
4633  19
4594  19
4648  20
6741  20
2347  20
4632  20
1090  20
935  20
3345  20
4739  20
2100  20
1296  20
4760  21
9174  21
1356  21
2978  21
4656  21
1864  21
1164  21
4705  21
9229  21
1637  21
1427  22
4867  22
2896  22
4869  22
3198  22
7492  22
4753  22
1050  22
4946  22
2838  22
4945  23
4914  23
8933  23
1530  23
4790  23
4940  23
2303  23
4986  23
2061  23
8894  23
3880  24
1743  24
5275  24
1150  24
4903  24
2940  24
5051  24
4882  24
4880  24
4393  24
1221  25
8992  25
1687  25
2784  25
5704  25
1338  25
5172  25
4484  25
1610  25
5016  25
3546  26
5399  26
5131  26
5187  26
3072  26
5107  26
3275  26
5102  26
5120  26
1312  26
5369  27
3305  27
5307  27
5182  27
9112  27
4993  27
5196  27
5257  27
5114  27
9164  27
2818  28
8963  28
2320  28
2748  28
9422  28
9471  28
5423  28
5185  28
3944  28
5607  28
5331  29
2612  29
2382  29
1633  29
5438  29
1563  29
5358  29
5263  29
5101  29
1984  29
5514  30
6372  30
1978  30
1844  30
9439  30
2182  30
2294  30
5658  30
1672  30
5432  30
1818  31
2785  31
9533  31
1977  31
5649  31
5305  31
5586  31
5585  31
2109  31
4667  31
3040  32
5649  32
5611  32
2383  32
5557  32
9709  32
9532  32
9707  32
5590  32
2160  32
2239  33
4276  33
5878  33
7010  33
2125  33
3209  33
2159  33
2181  33
5038  33
2623  33
10003  34
2071  34
2290  34
5810  34
5022  34
8297  34
2265  34
6756  34
8669  34
5825  34
9411  35
6197  35
2548  35
6193  35
9411  35
9078  35
2466  35
9999  35
2729  35
10739  35
7731  36
10291  36
6568  36
2700  36
2509  36
9548  36
5999  36
10064  36
2979  36
6135  36
5706  37
6236  37
3620  37
10405  37
2841  37
6237  37
6247  37
6409  37
10932  37
10233  37
4982  38
7571  38
10198  38
6414  38
6518  38
6416  38
6424  38
5520  38
8976  38
5239  38
6462  39
4702  39
6820  39
8773  39
8627  39
6467  39
6461  39
6143  39
8044  39
8757  39
4787  40
8733  40
4268  40
8901  40
10493  40
6816  40
10740  40
3119  40
8805  40
8036  40
8322  41
10860  41
6852  41
4366  41
6739  41
10557  41
10800  41
6137  41
9267  41
3412  41
11541  42
4762  42
11417  42
5008  42
7108  42
6912  42
24574  42
3784  42
3674  42
3858  42
8254  43
4191  43
6978  43
3714  43
8321  43
8264  43
7459  43
8560  43
8251  43
11137  43
7277  44
3878  44
7390  44
8191  44
8258  44
11361  44
11457  44
11229  44
7175  44
6802  44
10216  45
11413  45
7379  45
11318  45
7484  45
10632  45
4129  45
3899  45
8794  45
7406  45
7650  46
4178  46
4385  46
7449  46
7348  46
11548  46
11795  46
7712  46
7374  46
7350  46
9090  47
7698  47
7714  47
7985  47
14129  47
5401  47
7774  47
9358  47
9770  47
7469  47
8188  48
12145  48
9278  48
8718  48
10123  48
5349  48
8183  48
7979  48
16801  48
8142  48
10815  49
7269  49
4629  49
7887  49
10300  49
10906  49
11388  49
4974  49
11960  49
7983  49
7696  50
8147  50
8874  50
8777  50
10615  50
5237  50
8719  50
8491  50
12116  50
8175  50
8387  51
8214  51
8929  51
7193  51
6784  51
7316  51
12600  51
8554  51
8238  51
5032  51
12487  52
6067  52
9994  52
5665  52
10162  52
8547  52
6818  52
11140  52
13947  52
8534  52
6369  53
9598  53
5970  53
12676  53
8434  53
5824  53
8696  53
8535  53
13992  53
7862  53
8788  54
6055  54
9485  54
8485  54
9423  54
12437  54
9136  54
5828  54
8790  54
6473  54
9470  55
9031  55
9086  55
9882  55
8109  55
8968  55
13147  55
12299  55
8912  55
8935  55
9800  56
10068  56
13490  56
9249  56
7961  56
9650  56
9387  56
11068  56
6470  56
13505  56
9564  57
9699  57
9703  57
10223  57
12937  57
9936  57
13446  57
9650  57
9685  57
8343  57
7436  58
10377  58
11122  58
9944  58
9885  58
11341  58
7459  58
10079  58
14504  58
11896  58
9568  59
13688  59
18392  59
13247  59
9472  59
14129  59
9986  59
9950  59
8157  59
9932  59
10463  60
10699  60
12857  60
12320  60
9450  60
13031  60
10318  60
10154  60
11095  60
10295  60
10233  61
11173  61
10421  61
10399  61
10627  61
10504  61
14482  61
10713  61
10593  61
10362  61
12090  62
10513  62
10301  62
10854  62
11497  62
12508  62
8171  62
13275  62
12450  62
8342  62
12978  63
8684  63
11539  63
10817  63
10887  63
11392  63
17431  63
8090  63
18152  63
13233  63
8150  64
11904  64
11260  64
11865  64
11951  64
11848  64
11022  64
11530  64
11435  64
14418  64
10524  65
11941  65
11490  65
8669  65
11043  65
11852  65
13013  65
11483  65
11606  65
11477  65
11220  66
11555  66
9470  66
11266  66
12382  66
11921  66
11483  66
15382  66
9168  66
9128  66
11435  67
11571  67
9680  67
11561  67
11056  67
12501  67
12778  67
11963  67
12592  67
16039  67
12481  68
18875  68
12696  68
16231  68
14660  68
9292  68
9487  68
11877  68
12160  68
12055  68
12835  69
10385  69
13120  69
12768  69
11829  69
12487  69
12083  69
12424  69
15740  69
12680  69
13438  70
12564  70
12492  70
12509  70
13886  70
12888  70
12665  70
13215  70
16368  70
12871  70
14512  71
12686  71
17579  71
12678  71
12722  71
14367  71
15075  71
13247  71
13604  71
17407  71
13514  72
13510  72
13576  72
13104  72
13020  72
17049  72
14234  72
12766  72
13049  72
12798  72
13403  73
13083  73
13173  73
13990  73
13091  73
12966  73
13892  73
13677  73
13681  73
17132  73
14181  74
14287  74
14229  74
16029  74
13701  74
16952  74
14483  74
14573  74
14032  74
14045  74
15872  75
16984  75
13831  75
14976  75
18725  75
12213  75
17072  75
13982  75
18122  75
14487  75
14133  76
15448  76
16342  76
14013  76
14272  76
13985  76
14395  76
17884  76
16269  76
13676  76
11963  77
14632  77
15036  77
16290  77
14779  77
14155  77
14561  77
15253  77
15128  77
15926  77
14453  78
16492  78
15193  78
15146  78
16200  78
16033  78
15555  78
23709  78
18959  78
12595  78
14721  79
15561  79
19220  79
14744  79
18428  79
15110  79
14904  79
14617  79
14765  79
15462  79
15974  80
15645  80
15332  80
15514  80
15670  80
15483  80
15815  80
15118  80
18648  80
17853  80
16247  81
14755  81
19432  81
17877  81
15395  81
15630  81
16485  81
18927  81
16158  81
13657  81
16373  82
19931  82
15754  82
18321  82
15600  82
17950  82
17833  82
18378  82
15814  82
15393  82
17022  83
15716  83
16249  83
15889  83
16229  83
16155  83
15713  83
16533  83
16195  83
19911  83
16625  84
21070  84
16507  84
16431  84
22074  84
15959  84
18568  84
16601  84
17211  84
16826  84
15418  85
18436  85
19576  85
17131  85
17061  85
17157  85
16624  85
16094  85
16373  85
15150  85
17267  86
16675  86
16832  86
17062  86
16956  86
20392  86
17664  86
16825  86
17755  86
17131  86
16140  87
16969  87
17083  87
18025  87
17622  87
19216  87
19469  87
21799  87
19795  87
18112  87
18148  88
17761  88
18293  88
17687  88
20878  88
17696  88
17539  88
18167  88
17410  88
17951  88
17859  89
17907  89
18004  89
17744  89
18452  89
18090  89
18595  89
18112  89
21441  89
18707  89
18195  90
17981  90
17059  90
18888  90
18056  90
18499  90
18401  90
18139  90
18873  90
21545  90
20575  91
19183  91
18917  91
20561  91
18484  91
18511  91
19132  91
19438  91
18225  91
20021  91
18707  92
22908  92
18974  92
13215  92
19231  92
19208  92
19879  92
17912  92
20256  92
19057  92
19982  93
19363  93
18046  93
19754  93
19421  93
19035  93
19145  93
19013  93
21896  93
19553  93
21102  94
19845  94
23532  94
20334  94
20871  94
22882  94
22671  94
19964  94
23698  94
19857  94
18510  95
20433  95
21245  95
19924  95
24178  95
20781  95
21916  95
20194  95
23305  95
19859  95
20429  96
20269  96
21426  96
20947  96
20304  96
20189  96
20297  96
19804  96
22205  96
20078  96
24340  97
21200  97
21762  97
18708  97
25627  97
22353  97
32662  97
22172  97
21639  97
21023  97
22093  98
21049  98
20909  98
21443  98
22212  98
21648  98
21003  98
21228  98
20927  98
20587  98
22320  99
20794  99
21527  99
21197  99
26414  99
21370  99
21341  99
21169  99
21489  99
21781  99
28940  100
22419  100
22990  100
22902  100
24984  100
21716  100
21749  100
26768  100
21526  100
22680  100
21955  101
23268  101
21866  101
22071  101
21689  101
22347  101
23540  101
23576  101
25768  101
24254  101
26992  102
23709  102
22465  102
26216  102
22562  102
22585  102
22368  102
22203  102
22875  102
22344  102
26987  103
24131  103
26874  103
23085  103
22300  103
24561  103
23105  103
23028  103
24382  103
22975  103
24680  104
23690  104
24444  104
34842  104
23268  104
23617  104
24623  104
24491  104
23262  104
24420  104
25614  105
23278  105
24858  105
24691  105
24615  105
26500  105
23460  105
27914  105
24131  105
27966  105
25148  106
26956  106
27763  106
28095  106
28211  106
25179  106
25367  106
25029  106
23922  106
23836  106
24518  107
25856  107
27915  107
24750  107
24876  107
23620  107
28489  107
28584  107
29676  107
31353  107
31133  108
24521  108
29989  108
24866  108
24715  108
25050  108
24765  108
25771  108
24538  108
26350  108
26956  109
24852  109
25696  109
25492  109
25062  109
26820  109
25556  109
30070  109
24749  109
25353  109
27202  110
28617  110
26665  110
26365  110
25131  110
24950  110
25445  110
28537  110
27221  110
26394  110
26427  111
27293  111
27026  111
25544  111
27818  111
28097  111
27060  111
34113  111
23462  111
33624  111
27340  112
28310  112
26188  112
26380  112
26723  112
26667  112
26445  112
30532  112
26145  112
27714  112
28592  113
26291  113
27639  113
31295  113
30690  113
29240  113
26546  113
26861  113
29531  113
31793  113
31121  114
28787  114
28815  114
28821  114
28664  114
29003  114
29495  114
27172  114
31889  114
27698  114
31506  115
27766  115
29289  115
27293  115
33177  115
42777  115
28604  115
30113  115
33249  115
27533  115
28026  116
28369  116
27447  116
28254  116
27990  116
28868  116
29537  116
29984  116
28212  116
28815  116
30815  117
28583  117
28270  117
30686  117
30553  117
30120  117
29946  117
30772  117
28353  117
29641  117
29510  118
29129  118
32982  118
33304  118
30381  118
28790  118
28669  118
32153  118
34243  118
29247  118
29192  119
30900  119
28905  119
29141  119
29463  119
29511  119
31041  119
31385  119
29238  119
31381  119
31397  120
31892  120
30523  120
38409  120
36940  120
47269  120
32811  120
31760  120
29412  120
29372  120
30727  121
31398  121
29164  121
30992  121
31229  121
31040  121
30690  121
39632  121
33370  121
31035  121
31305  122
31347  122
31193  122
37389  122
33040  122
32001  122
33040  122
32414  122
31510  122
30979  122
31766  123
32906  123
32215  123
31521  123
33365  123
31374  123
32359  123
39673  123
33517  123
31858  123
31575  124
32060  124
34319  124
34828  124
31818  124
32025  124
31912  124
32156  124
32160  124
36005  124
36878  125
37289  125
41593  125
34353  125
35012  125
34332  125
34386  125
32644  125
33108  125
33045  125
34417  126
33792  126
37644  126
36496  126
35064  126
37590  126
33234  126
36461  126
33424  126
32744  126
33318  127
34175  127
35827  127
33371  127
33344  127
33474  127
33465  127
32931  127
44723  127
33961  127
36624  128
43524  128
34162  128
36285  128
35843  128
36154  128
35967  128
35717  128
35766  128
36449  128
34741  129
34936  129
36983  129
41449  129
38768  129
35470  129
36783  129
38078  129
36329  129
36614  129
36985  130
37130  130
36932  130
37579  130
36682  130
40697  130
39845  130
37361  130
37332  130
41512  130
36280  131
35735  131
35699  131
36143  131
35732  131
36029  131
39701  131
36214  131
36199  131
41650  131
40690  132
41038  132
37937  132
51016  132
39330  132
38938  132
35503  132
36202  132
40320  132
36195  132
36748  133
37395  133
38649  133
39916  133
37879  133
36575  133
51814  133
42099  133
36476  133
36135  133
37784  134
37280  134
37537  134
39976  134
38000  134
37741  134
38358  134
39069  134
41944  134
37749  134
37932  135
44624  135
37297  135
37226  135
37751  135
38053  135
40915  135
37602  135
37279  135
37733  135
38353  136
38295  136
40026  136
43501  136
41382  136
39740  136
39926  136
40175  136
41562  136
42669  136
41620  137
41021  137
38861  137
38184  137
39678  137
42283  137
49923  137
45316  137
40117  137
40384  137
38821  138
39634  138
40345  138
39730  138
41331  138
43051  138
38962  138
38900  138
40172  138
41919  138
40468  139
40371  139
40214  139
40248  139
41278  139
40004  139
39905  139
42716  139
50021  139
44452  139
47521  140
43004  140
45193  140
40293  140
40401  140
41147  140
39531  140
39890  140
41272  140
43070  140
47091  141
45956  141
43515  141
53343  141
40812  141
41319  141
41410  141
38711  141
41655  141
43254  141
44208  142
43380  142
43727  142
44268  142
42405  142
50721  142
41313  142
41083  142
41466  142
42125  142
42518  143
42568  143
42515  143
42660  143
43925  143
43787  143
45194  143
54207  143
43167  143
44929  143
42217  144
42798  144
42656  144
45417  144
53028  144
44172  144
43797  144
46036  144
44297  144
44317  144
49405  145
47526  145
43181  145
43703  145
48754  145
43784  145
45742  145
43782  145
45993  145
43177  145
63040  146
43655  146
43622  146
47488  146
43922  146
47011  146
45010  146
48976  146
45740  146
50629  146
44920  147
51218  147
49458  147
44790  147
44314  147
44409  147
44620  147
47096  147
44790  147
45313  147
45547  148
47908  148
47521  148
49728  148
46548  148
45614  148
46508  148
45942  148
49014  148
47456  148
46246  149
51657  149
49646  149
55463  149
39985  149
48802  149
45577  149
46414  149
45943  149
48845  149
48530  150
48770  150
54111  150
47871  150
50985  150
52872  150
48034  150
48892  150
48860  150
45524  150
46500  151
46646  151
49725  151
55645  151
51446  151
60400  151
51825  151
48606  151
47235  151
46611  151
47900  152
49847  152
47384  152
53524  152
53572  152
52235  152
53634  152
49634  152
50932  152
49129  152
50437  153
51875  153
50141  153
53405  153
50694  153
54446  153
60015  153
52608  153
49951  153
49332  153
51095  154
50383  154
52746  154
50754  154
52429  154
53158  154
51351  154
52733  154
50143  154
51054  154
53412  155
51755  155
49674  155
49351  155
58687  155
52118  155
52605  155
55229  155
52764  155
49148  155
50628  156
52102  156
49714  156
49938  156
49592  156
50802  156
57569  156
55528  156
49953  156
50200  156
52341  157
49930  157
49881  157
50540  157
50836  157
51561  157
51424  157
63643  157
50185  157
51805  157
55689  158
53671  158
53287  158
52251  158
53795  158
54715  158
54445  158
53383  158
50727  158
50658  158
51911  159
54562  159
53012  159
52608  159
54264  159
52027  159
58642  159
58265  159
58687  159
53300  159
51748  160
51889  160
52846  160
54311  160
54515  160
55548  160
64494  160
53486  160
55804  160
55315  160
55172  161
53818  161
55805  161
56354  161
55134  161
58792  161
60149  161
57219  161
53318  161
53528  161
54024  162
53428  162
55267  162
64546  162
55584  162
57185  162
56887  162
54268  162
54651  162
53449  162
58617  163
57521  163
56793  163
60247  163
58019  163
58931  163
54562  163
56360  163
54400  163
54196  163
56678  164
59204  164
60153  164
58989  164
60149  164
55427  164
55943  164
57095  164
54403  164
54304  164
56597  165
64336  165
57732  165
63620  165
55475  165
55990  165
55426  165
55762  165
55796  165
56678  165
61912  166
62114  166
72060  166
56117  166
57002  166
59844  166
58707  166
58323  166
58957  166
61953  166
57257  167
64382  167
56271  167
56997  167
61616  167
56196  167
60158  167
60468  167
66703  167
57244  167
72300  168
59050  168
56306  168
60860  168
55801  168
57608  168
57566  168
62313  168
58490  168
72637  168
57372  169
60717  169
58257  169
60694  169
60196  169
60853  169
65976  169
61733  169
63935  169
62787  169
57730  170
58287  170
58454  170
58292  170
59296  170
59323  170
59910  170
70439  170
58195  170
63803  170
59214  171
61951  171
57678  171
58874  171
61632  171
67775  171
65582  171
58673  171
60526  171
59123  171
62615  172
60263  172
59983  172
64766  172
64599  172
61565  172
63714  172
60571  172
60805  172
62719  172
60696  173
61453  173
67158  173
63905  173
65562  173
60919  173
63844  173
61951  173
61597  173
63968  173
65579  174
64408  174
77112  174
66769  174
62034  174
60962  174
64787  174
61247  174
66582  174
61950  174
68511  175
66471  175
65413  175
61632  175
64811  175
62362  175
64279  175
66943  175
68692  175
67187  175
65042  176
61955  176
64615  176
62008  176
61495  176
65871  176
66132  176
63643  176
75834  176
62875  176
66363  177
63718  177
66183  177
63640  177
71867  177
63675  177
67900  177
67753  177
63324  177
63171  177
70082  178
64424  178
63427  178
67695  178
68115  178
69223  178
63867  178
65765  178
63977  178
63235  178
65321  179
64907  179
70703  179
78628  179
72606  179
73176  179
67683  179
64990  179
64418  179
65541  179
69663  180
67493  180
76757  180
68823  180
65585  180
68432  180
64776  180
71136  180
65412  180
70067  180
70736  181
70367  181
78615  181
67930  181
65372  181
70812  181
78658  181
70264  181
71799  181
68903  181
66305  182
67193  182
66805  182
69228  182
66887  182
68842  182
69132  182
70921  182
72329  182
66167  182
70211  183
69615  183
67531  183
78232  183
66572  183
75956  183
70079  183
68369  183
70178  183
66874  183
68573  184
69210  184
70687  184
76614  184
70708  184
67106  184
70303  184
68773  184
68114  184
76645  184
69566  185
74536  185
68745  185
75007  185
68259  185
71043  185
68410  185
73882  185
72493  185
73682  185
71111  186
71925  186
69871  186
69311  186
73748  186
74660  186
74318  186
78963  186
75342  186
69057  186
70436  187
73412  187
71280  187
75540  187
77035  187
73471  187
79055  187
68005  187
69009  187
70853  187
71400  188
70968  188
74549  188
79931  188
69912  188
75011  188
71037  188
71787  188
73277  188
71840  188
73715  189
83756  189
71754  189
70989  189
74846  189
72790  189
71722  189
74447  189
72593  189
76458  189
84360  190
71446  190
72407  190
72412  190
73230  190
79483  190
77884  190
90728  190
72501  190
75685  190
73470  191
74007  191
73062  191
74771  191
77535  191
88430  191
73229  191
76909  191
75589  191
74964  191
77109  192
83969  192
73602  192
83372  192
73122  192
76319  192
76187  192
72844  192
73513  192
79102  192
72444  193
81495  193
75359  193
78678  193
74514  193
79141  193
79587  193
82656  193
86979  193
75190  193
75075  194
75764  194
74709  194
75727  194
76545  194
83325  194
87486  194
77886  194
75229  194
79297  194
79039  195
76872  195
81725  195
84096  195
82547  195
76021  195
75928  195
76609  195
77209  195
75202  195
83604  196
85226  196
82915  196
79058  196
79577  196
79461  196
80297  196
76979  196
83114  196
81854  196
77485  197
80559  197
77928  197
77939  197
78141  197
82382  197
85708  197
80707  197
77844  197
79452  197
78819  198
84208  198
80955  198
74516  198
90337  198
81528  198
80705  198
78156  198
80995  198
80789  198
82520  199
80499  199
85682  199
80121  199
79587  199
78936  199
80331  199
78613  199
89335  199
97398  199
78147  200
92673  200
81197  200
79714  200
82734  200
81770  200
86704  200
90185  200
80250  200
79329  200
79425  201
83812  201
91601  201
87567  201
80155  201
81081  201
80705  201
79537  201
82311  201
82257  201
85498  202
96022  202
85120  202
83417  202
81645  202
80582  202
80356  202
81563  202
90468  202
90939  202
80733  203
84577  203
81690  203
85674  203
90853  203
85721  203
88239  203
85194  203
85703  203
82221  203
88532  204
82793  204
89653  204
94592  204
82336  204
83305  204
82770  204
85217  204
82385  204
92706  204
88626  205
85981  205
86686  205
83814  205
83094  205
82155  205
84031  205
95398  205
90327  205
82333  205
85057  206
86739  206
88077  206
95243  206
90593  206
93705  206
86282  206
83953  206
84072  206
85771  206
89578  207
93784  207
86362  207
90260  207
84482  207
85112  207
84065  207
88096  207
85736  207
95655  207
88763  208
85709  208
84908  208
90641  208
92181  208
89208  208
95323  208
89426  208
89857  208
87835  208
88176  209
89678  209
94014  209
87276  209
89565  209
89812  209
86555  209
86273  209
86702  209
91592  209
93654  210
86367  210
86850  210
85737  210
86170  210
101651  210
94900  210
98815  210
90513  210
90210  210
88065  211
90209  211
89833  211
94779  211
101184  211
90397  211
89855  211
88588  211
90632  211
91569  211
95543  212
96130  212
88399  212
89345  212
90916  212
89005  212
95929  212
92398  212
88913  212
91226  212
88514  213
91134  213
90939  213
93065  213
101802  213
90185  213
89018  213
87096  213
89052  213
88345  213
95451  214
95291  214
93226  214
89172  214
90899  214
90631  214
90651  214
95961  214
94857  214
89615  214
89959  215
90720  215
92343  215
90544  215
91837  215
99695  215
91552  215
89941  215
100560  215
89344  215
98388  216
94480  216
99882  216
93053  216
90372  216
90669  216
90068  216
99737  216
93823  216
93697  216
93730  217
89924  217
93923  217
93851  217
96608  217
100036  217
90525  217
93666  217
91339  217
94623  217
99508  218
96766  218
93454  218
91274  218
94408  218
93243  218
92062  218
99517  218
96402  218
92522  218
90987  219
92399  219
92044  219
92398  219
100154  219
97514  219
93397  219
95752  219
92411  219
91944  219
94813  220
93401  220
96256  220
95226  220
93169  220
93327  220
92765  220
101340  220
98230  220
97020  220
92919  221
94057  221
94330  221
93407  221
99390  221
94143  221
97038  221
95630  221
95421  221
95485  221
101491  222
98110  222
96539  222
97876  222
93400  222
94540  222
95658  222
97257  222
96840  222
96656  222
94272  223
96083  223
96115  223
95806  223
98882  223
95940  223
92822  223
94875  223
94169  223
96774  223
100023  224
96330  224
95281  224
96938  224
99451  224
95256  224
96738  224
99668  224
98813  224
95337  224
95157  225
96287  225
99369  225
98188  225
98470  225
96960  225
96262  225
98132  225
101100  225
100020  225
101854  226
94745  226
96882  226
97940  226
94990  226
102877  226
97219  226
100667  226
100658  226
96410  226
96987  227
101859  227
103235  227
90178  227
99893  227
95835  227
96209  227
99409  227
102645  227
108270  227
96323  228
96827  228
96571  228
97952  228
100533  228
102227  228
99986  228
101303  228
97387  228
100218  228
99984  229
100958  229
102598  229
97915  229
98446  229
100894  229
101900  229
100081  229
99914  229
96985  229
98907  230
97098  230
97307  230
98767  230
107295  230
101197  230
98399  230
97981  230
103807  230
98667  230
105719  231
103985  231
100290  231
100528  231
98731  231
104180  231
104984  231
99034  231
99144  231
99799  231
101198  232
101634  232
100254  232
100781  232
100571  232
100363  232
100475  232
101052  232
100720  232
98007  232
101726  233
100847  233
100183  233
101986  233
102382  233
106085  233
101340  233
98755  233
100866  233
101039  233
100085  234
104959  234
100754  234
101063  234
102048  234
101034  234
103017  234
108071  234
100335  234
100244  234
100673  235
100006  235
102440  235
108736  235
101432  235
102590  235
101905  235
104051  235
101825  235
104982  235
99882  236
101376  236
99186  236
103330  236
104382  236
102248  236
103054  236
100330  236
101322  236
102175  236
105723  237
111331  237
102645  237
103523  237
104998  237
101481  237
104027  237
109175  237
102439  237
104339  237
100272  238
101125  238
109854  238
105452  238
99965  238
102498  238
103046  238
102615  238
105451  238
102558  238
102178  239
103034  239
99988  239
104459  239
106134  239
109008  239
102951  239
100650  239
104751  239
99998  239
108776  240
107785  240
101729  240
100156  240
102732  240
103958  240
101216  240
113078  240
100248  240
102382  240
104919  241
104483  241
100521  241
108886  241
100764  241
100761  241
105667  241
101879  241
103831  241
110528  241
102173  242
101714  242
104844  242
109675  242
107378  242
101308  242
102113  242
102955  242
110626  242
102697  242
106568  243
108949  243
101917  243
102717  243
105353  243
104926  243
109778  243
102206  243
106894  243
105604  243
102883  244
106334  244
107509  244
104158  244
104509  244
103311  244
103525  244
104079  244
109010  244
102269  244
106783  245
106262  245
106234  245
107662  245
112004  245
103739  245
103622  245
104352  245
107041  245
103874  245
112747  246
104228  246
107398  246
103597  246
104214  246
105656  246
109783  246
104300  246
104185  246
104769  246
104901  247
109336  247
104744  247
105658  247
106013  247
104953  247
106006  247
108489  247
104243  247
107157  247
105847  248
105722  248
114309  248
114701  248
105434  248
104562  248
106466  248
108253  248
105934  248
113251  248
109712  249
107059  249
107453  249
111664  249
112253  249
106847  249
106337  249
105794  249
109743  249
107315  249
112701  250
109495  250
106515  250
104861  250
106713  250
105867  250
117156  250
106518  250
108816  250
104873  250
106808  251
106455  251
108559  251
109550  251
106691  251
105509  251
111324  251
114825  251
106916  251
109552  251
111313  252
107112  252
112859  252
115497  252
110132  252
109491  252
106776  252
110745  252
106562  252
109949  252
106535  253
106698  253
107097  253
109039  253
114655  253
107220  253
111470  253
107266  253
110310  253
111314  253
115669  254
110591  254
109003  254
107733  254
118160  254
116681  254
105967  254
107977  254
108506  254
111897  254
113341  255
112539  255
108592  255
108794  255
111846  255
109911  255
110982  255
108970  255
110522  255
112545  255
108323  256
132773  256
111611  256
109808  256
108758  256
113450  256
113231  256
123678  256
109084  256
109153  256
113346  257
113936  257
120234  257
108334  257
110476  257
111928  257
109333  257
111100  257
116753  257
112473  257
109868  258
109566  258
118015  258
121264  258
110841  258
113727  258
108859  258
108696  258
109342  258
116883  258
110092  259
110313  259
115398  259
114855  259
119014  259
109183  259
110317  259
113185  259
112555  259
116153  259
111050  260
110451  260
114159  260
113893  260
116398  260
115336  260
111263  260
114126  260
109805  260
118594  260
117583  261
115060  261
111592  261
109519  261
114442  261
112770  261
111856  261
110975  261
110425  261
115603  261
119034  262
113094  262
116213  262
109883  262
110095  262
112151  262
123078  262
110677  262
111189  262
115174  262
112572  263
113326  263
112375  263
112198  263
110906  263
110741  263
120608  263
122424  263
114275  263
112206  263
113105  264
115643  264
118139  264
112856  264
111740  264
116505  264
113439  264
113751  264
121179  264
112347  264
111483  265
115299  265
115264  265
109962  265
113597  265
112498  265
113376  265
129069  265
125747  265
116743  265
113292  266
112017  266
115390  266
124167  266
114016  266
113708  266
117667  266
116547  266
122942  266
115388  266
113554  267
113847  267
115394  267
113800  267
111508  267
113479  267
117231  267
112726  267
118973  267
114994  267
113227  268
114484  268
115216  268
122351  268
125677  268
115349  268
115987  268
115021  268
120057  268
122910  268
120730  269
116006  269
117886  269
118180  269
119758  269
115019  269
115435  269
119567  269
115009  269
124750  269
118051  270
116717  270
116900  270
116981  270
118392  270
120281  270
115983  270
120196  270
119370  270
118144  270
115169  271
119209  271
119604  271
116359  271
119539  271
117397  271
121155  271
115801  271
118988  271
117334  271
129266  272
115639  272
115682  272
116561  272
125859  272
122781  272
117886  272
116647  272
120720  272
120369  272
124798  273
115944  273
117349  273
118532  273
121077  273
121042  273
118099  273
118496  273
117266  273
123417  273
126450  274
117095  274
117492  274
116573  274
125271  274
125591  274
117258  274
122405  274
117581  274
123178  274
133953  275
121409  275
122205  275
122215  275
118893  275
124164  275
117278  275
116563  275
120079  275
118865  275
125332  276
119156  276
122613  276
117403  276
121104  276
119426  276
121073  276
116723  276
120019  276
122951  276
137030  277
119846  277
118625  277
124284  277
120146  277
123774  277
120950  277
123176  277
120743  277
122888  277
124796  278
122829  278
118125  278
124522  278
137469  278
119207  278
119422  278
124417  278
117770  278
123901  278
123313  279
119580  279
119576  279
131993  279
132028  279
118161  279
119034  279
119853  279
123669  279
134126  279
121995  280
125186  280
119213  280
129137  280
119814  280
120207  280
124256  280
120322  280
126072  280
131447  280
121945  281
122420  281
127867  281
136850  281
120348  281
122527  281
119709  281
125290  281
129678  281
119199  281
120008  282
126699  282
123313  282
133629  282
122807  282
122056  282
126648  282
124801  282
130452  282
121599  282
120847  283
129400  283
122935  283
128329  283
121817  283
123639  283
129171  283
133061  283
127211  283
120640  283
123412  284
126486  284
129075  284
127740  284
123811  284
122600  284
130681  284
127356  284
121107  284
126897  284
131271  285
138099  285
123387  285
128045  285
127723  285
124978  285
132332  285
123542  285
124029  285
123749  285
125825  286
128911  286
123665  286
128479  286
130160  286
135791  286
124906  286
124285  286
123344  286
135854  286
136847  287
125225  287
125559  287
124476  287
130016  287
135869  287
129900  287
128565  287
125619  287
131236  287
130648  288
124644  288
130022  288
141188  288
124558  288
125110  288
130287  288
124071  288
133477  288
135482  288
123001  289
125707  289
132706  289
138136  289
125498  289
126831  289
134923  289
127979  289
129458  289
127285  289
124945  290
137445  290
149227  290
146893  290
134680  290
133235  290
132120  290
132064  290
148871  290
150998  290
145443  291
137849  291
128998  291
126535  291
135168  291
136814  291
127113  291
127673  291
139513  291
129507  291
138770  292
133126  292
129089  292
134421  292
141145  292
129168  292
131238  292
133480  292
132782  292
139524  292
126444  293
126658  293
138614  293
137245  293
128800  293
135810  293
128415  293
134077  293
128432  293
139057  293
137774  294
135651  294
135924  294
132313  294
138309  294
130018  294
131671  294
129898  294
129561  294
130997  294
134276  295
137942  295
128580  295
129627  295
136424  295
137767  295
134383  295
132569  295
134520  295
132770  295
130998  296
133887  296
129025  296
140304  296
137867  296
130773  296
128201  296
128896  296
135973  296
137479  296
131974  297
129085  297
135427  297
137103  297
125806  297
133240  297
128895  297
134907  297
137523  297
135174  297
127932  298
136519  298
129681  298
130195  298
132651  298
140001  298
140415  298
136694  298
133275  298
136633  298
137748  299
131364  299
131961  299
130303  299
133781  299
133839  299
138245  299
130386  299
138556  299
144189  299
132175  300
144697  300
140317  300
138620  300
136940  300
132476  300
133533  300
136467  300
142723  300
128615  300
