39  7
36  7
36  7
35  7
44  7
43  7
39  7
36  7
36  7
44  7
61  8
61  8
75  8
70  8
71  8
72  8
76  8
76  8
84  8
77  8
112  9
113  9
76  9
53  9
75  9
103  9
106  9
113  9
112  9
107  9
147  10
115  10
136  10
105  10
104  10
104  10
106  10
112  10
105  10
112  10
136  11
167  11
168  11
149  11
141  11
170  11
170  11
171  11
194  11
205  11
174  12
193  12
247  12
247  12
296  12
238  12
213  12
213  12
175  12
174  12
218  13
218  13
262  13
263  13
254  13
255  13
257  13
255  13
216  13
218  13
424  14
355  14
351  14
348  14
334  14
336  14
337  14
286  14
266  14
363  14
434  15
429  15
453  15
449  15
558  15
473  15
317  15
318  15
430  15
348  15
377  16
471  16
459  16
456  16
456  16
487  16
489  16
400  16
374  16
472  16
527  17
549  17
530  17
575  17
573  17
550  17
563  17
619  17
693  17
479  17
503  18
501  18
607  18
616  18
610  18
659  18
551  18
550  18
657  18
659  18
696  19
750  19
573  19
574  19
614  19
576  19
575  19
574  19
726  19
727  19
650  20
669  20
820  20
681  20
658  20
735  20
747  20
882  20
939  20
650  20
734  21
992  21
916  21
832  21
826  21
917  21
993  21
837  21
829  21
731  21
818  22
819  22
821  22
820  22
816  22
958  22
1060  22
1122  22
820  22
816  22
903  23
908  23
910  23
913  23
916  23
967  23
969  23
1110  23
1134  23
1144  23
1220  24
1224  24
1018  24
1006  24
1098  24
1105  24
1196  24
1308  24
1000  24
1003  24
1110  25
1396  25
1397  25
1107  25
1346  25
1364  25
1259  25
1265  25
1270  25
1106  25
1213  26
1402  26
1436  26
1210  26
1287  26
1430  26
1213  26
1296  26
1384  26
1214  26
5840  27
1029  27
1326  27
1331  27
1529  27
1335  27
1330  27
1448  27
1497  27
1602  27
1751  28
1430  28
1430  28
1467  28
1477  28
1487  28
1572  28
1628  28
1623  28
1436  28
1563  29
1579  29
1559  29
1555  29
1707  29
1763  29
1768  29
1775  29
1554  29
1889  29
1687  30
1691  30
1689  30
1699  30
1823  30
1894  30
1802  30
1747  30
1685  30
1682  30
1986  31
1811  31
2049  31
2055  31
1832  31
2010  31
1820  31
1878  31
1939  31
1994  31
2283  32
2206  32
1943  32
2203  32
2289  32
1997  32
1952  32
1959  32
1992  32
2310  32
2099  33
2354  33
2116  33
2107  33
2353  33
2287  33
2454  33
2222  33
2084  33
2090  33
2544  34
2612  34
2300  34
2463  34
2233  34
2236  34
2238  34
2238  34
2223  34
2222  34
2377  35
2664  35
2372  35
2464  35
2406  35
2657  35
2615  35
2375  35
2390  35
2384  35
2529  36
2606  36
2565  36
2860  36
2546  36
2558  36
2566  36
2550  36
2584  36
2543  36
2693  37
2702  37
2789  37
3430  37
3285  37
3066  37
3063  37
2862  37
2700  37
2687  37
2855  38
2921  38
2864  38
2866  38
2897  38
2865  38
2938  38
2933  38
3145  38
3234  38
3500  39
3331  39
3268  39
3398  39
3231  39
3134  39
3094  39
3029  39
3114  39
3136  39
3229  40
3309  40
4224  40
3953  40
3719  40
3681  40
3588  40
3741  40
3777  40
3525  40
3506  41
3383  41
3407  41
3409  41
3397  41
3535  41
4294  41
4102  41
4096  41
3786  41
3781  42
3576  42
3596  42
3579  42
3621  42
3697  42
3564  42
3579  42
3615  42
3833  42
3892  43
3810  43
3811  43
3989  43
3790  43
3953  43
3997  43
3964  43
4019  43
4054  43
4290  44
4215  44
4192  44
4216  44
4259  44
4417  44
4469  44
5174  44
4089  44
4074  44
4613  45
4884  45
5019  45
4840  45
4542  45
4262  45
4553  45
4713  45
4475  45
4268  45
4396  46
4667  46
4627  46
6606  46
4612  46
4758  46
4938  46
5005  46
6752  46
5110  46
5045  47
4780  47
5019  47
4949  47
7460  47
5053  47
4975  47
4964  47
5724  47
5357  47
5251  48
5114  48
5237  48
5125  48
5101  48
6020  48
5617  48
5470  48
5425  48
5228  48
5464  49
5125  49
5315  49
5752  49
5960  49
5686  49
5509  49
5757  49
5357  49
4993  49
5327  50
5594  50
5611  50
5435  50
5243  50
5606  50
5721  50
5883  50
6365  50
5977  50
5930  51
6257  51
6259  51
6216  51
5894  51
6133  51
5917  51
6817  51
6380  51
6004  51
5913  52
5702  52
5901  52
6415  52
6040  52
7937  52
6652  52
6227  52
6095  52
5709  52
6660  53
6450  53
6227  53
6497  53
6390  53
6311  53
6173  53
6362  53
6905  53
6324  53
8068  54
8560  54
6682  54
6883  54
7253  54
6733  54
6701  54
6463  54
6551  54
6578  54
6717  55
6972  55
7287  55
7021  55
6959  55
7083  55
6891  55
7042  55
7058  55
6798  55
7087  56
7200  56
7309  56
7628  56
8218  56
7568  56
7236  56
6874  56
7740  56
7416  56
7700  57
7618  57
7706  57
7419  57
7140  57
7576  57
7782  57
7682  57
7357  57
7663  57
7865  58
7734  58
7725  58
7743  58
8380  58
8413  58
8641  58
9521  58
7562  58
7686  58
8872  59
8505  59
8996  59
9018  59
9277  59
8738  59
8746  59
8836  59
8284  59
8855  59
8579  60
8405  60
9041  60
9098  60
8373  60
8960  60
9624  60
8772  60
8017  60
8903  60
8862  61
8564  61
8964  61
9018  61
8576  61
9032  61
9900  61
9156  61
8581  61
9446  61
10373  62
9869  62
9801  62
9996  62
9689  62
9589  62
9074  62
9667  62
9036  62
9116  62
9357  63
10099  63
10787  63
10121  63
9873  63
9278  63
9364  63
9404  63
9636  63
11579  63
9801  64
10167  64
9925  64
9976  64
10124  64
11801  64
10180  64
10274  64
10453  64
10715  64
11332  65
10318  65
9675  65
10248  65
11191  65
11208  65
10850  65
10755  65
10277  65
9739  65
10518  66
10467  66
10343  66
10720  66
10656  66
11776  66
11600  66
10818  66
10362  66
11045  66
11531  67
11474  67
11324  67
10598  67
10540  67
10786  67
11960  67
10715  67
15184  67
11779  67
12414  68
12107  68
10926  68
13182  68
11537  68
11889  68
12975  68
11149  68
11913  68
12452  68
12097  69
12562  69
11250  69
11091  69
11487  69
12779  69
12812  69
12521  69
11629  69
11448  69
15727  70
12475  70
12004  70
11973  70
12301  70
12323  70
12739  70
13250  70
11836  70
12151  70
13237  71
11943  71
12263  71
12512  71
12292  71
12680  71
13416  71
12949  71
13236  71
12775  71
14231  72
12727  72
13996  72
13233  72
13424  72
13356  72
12040  72
18757  72
11951  72
14767  72
14415  73
13428  73
13651  73
12616  73
14188  73
13973  73
13837  73
12723  73
15802  73
14101  73
13676  74
13970  74
13532  74
13440  74
13591  74
14360  74
14212  74
14365  74
13234  74
14544  74
14825  75
15112  75
14715  75
16171  75
14436  75
14819  75
16489  75
14445  75
15168  75
14224  75
14789  76
13671  76
15118  76
15469  76
14988  76
15312  76
15094  76
15088  76
15233  76
15782  76
15701  77
15633  77
14872  77
14328  77
15343  77
14615  77
15952  77
14463  77
15332  77
14734  77
15543  78
15251  78
15235  78
15056  78
15220  78
15095  78
15729  78
16649  78
16369  78
15257  78
15868  79
17414  79
16203  79
16818  79
17182  79
17637  79
16116  79
16215  79
14777  79
15691  79
15959  80
17396  80
17078  80
17068  80
16840  80
17528  80
16844  80
16019  80
16506  80
16526  80
17231  81
16998  81
16628  81
16762  81
17900  81
17624  81
18212  81
16730  81
16316  81
18415  81
17338  82
18241  82
19493  82
18433  82
19490  82
28987  82
18529  82
17180  82
19002  82
18095  82
16835  83
17483  83
17402  83
17870  83
18520  83
18090  83
16924  83
18208  83
19411  83
18687  83
19545  84
17943  84
17734  84
17952  84
18945  84
18554  84
18546  84
18677  84
17560  84
19171  84
18796  85
19679  85
19736  85
20163  85
24443  85
19468  85
19842  85
19938  85
19045  85
19299  85
19515  86
18880  86
19057  86
18611  86
19297  86
18433  86
20682  86
19892  86
18274  86
19572  86
19263  87
26301  87
21625  87
20156  87
20506  87
25679  87
18717  87
20203  87
27921  87
19940  87
24810  88
20184  88
20200  88
20140  88
19618  88
20091  88
19867  88
20495  88
19532  88
21718  88
20192  89
20751  89
23779  89
34195  89
25768  89
22012  89
21070  89
22198  89
21160  89
20421  89
21039  90
20865  90
25286  90
32253  90
22057  90
21088  90
20705  90
32314  90
22167  90
23050  90
21877  91
21839  91
22787  91
23798  91
21237  91
21343  91
21614  91
21400  91
21441  91
21755  91
22152  92
22445  92
21835  92
27318  92
23710  92
21665  92
26097  92
22718  92
21864  92
26262  92
22488  93
21906  93
22906  93
22562  93
23089  93
23191  93
22527  93
22647  93
22243  93
22431  93
22932  94
22996  94
23405  94
23040  94
23065  94
23596  94
23040  94
22514  94
26761  94
22822  94
24840  95
26561  95
24439  95
24469  95
29175  95
23409  95
24029  95
23823  95
23528  95
26194  95
24074  96
24439  96
24873  96
24379  96
24251  96
24320  96
24022  96
24255  96
23558  96
24601  96
26763  97
25638  97
26202  97
25739  97
30269  97
24971  97
25264  97
26757  97
26850  97
26785  97
25111  98
24962  98
25569  98
27605  98
25090  98
24919  98
25608  98
25346  98
25542  98
25400  98
29056  99
25776  99
31892  99
25672  99
28448  99
25868  99
35319  99
27463  99
25504  99
26427  99
29232  100
27991  100
26011  100
26185  100
25988  100
26434  100
31072  100
28576  100
27330  100
28521  100
33000  101
28605  101
27373  101
27743  101
26871  101
28499  101
27368  101
26926  101
28810  101
27355  101
30219  102
29296  102
28638  102
28661  102
27306  102
27753  102
26776  102
30315  102
27325  102
27191  102
30847  103
27921  103
30214  103
29668  103
27588  103
29171  103
27757  103
30495  103
28773  103
33179  103
28579  104
31628  104
29306  104
28300  104
30966  104
30881  104
28570  104
30769  104
30035  104
31447  104
34410  105
30902  105
30879  105
31420  105
30304  105
28663  105
29616  105
29255  105
29504  105
29535  105
32383  106
32164  106
29951  106
30281  106
29130  106
29874  106
31227  106
30575  106
36284  106
33681  106
32709  107
38099  107
36083  107
30982  107
30598  107
33717  107
32806  107
33125  107
33062  107
32618  107
33721  108
31615  108
31211  108
38889  108
33380  108
33103  108
33859  108
37035  108
32658  108
36937  108
33326  109
38522  109
32329  109
35507  109
33903  109
31902  109
34968  109
31681  109
32006  109
32255  109
32054  110
32620  110
33031  110
33393  110
33464  110
35489  110
37527  110
32331  110
32633  110
38013  110
35697  111
34038  111
33240  111
33606  111
33937  111
33758  111
33499  111
33654  111
33665  111
33421  111
35137  112
36010  112
34249  112
36415  112
34300  112
35886  112
47043  112
36251  112
33919  112
34250  112
34642  113
35192  113
34776  113
37036  113
33965  113
34376  113
35018  113
34601  113
35684  113
34729  113
39430  114
39121  114
40299  114
35945  114
34900  114
35605  114
38698  114
38214  114
38254  114
38338  114
38796  115
36526  115
36326  115
36363  115
36688  115
36960  115
36659  115
39012  115
35928  115
36326  115
36889  116
37569  116
36530  116
41018  116
39848  116
36395  116
36131  116
37154  116
37555  116
35481  116
38064  117
37257  117
38370  117
40948  117
39787  117
39860  117
39980  117
40113  117
39489  117
36709  117
38517  118
38499  118
37824  118
38157  118
41142  118
38518  118
38345  118
39386  118
38072  118
38758  118
41519  119
38949  119
41858  119
37942  119
41071  119
40664  119
40559  119
42020  119
45218  119
41454  119
40241  120
41022  120
40112  120
42730  120
39258  120
39566  120
39864  120
39093  120
39070  120
39130  120
40449  121
39721  121
44402  121
41825  121
42206  121
39950  121
41523  121
40831  121
40697  121
40214  121
41483  122
41316  122
41190  122
41114  122
41079  122
42192  122
43818  122
42964  122
41213  122
42312  122
48788  123
41922  123
43826  123
42041  123
44683  123
44471  123
44091  123
45054  123
44274  123
49064  123
42238  124
42829  124
43043  124
55787  124
47374  124
44572  124
45878  124
44583  124
41117  124
41508  124
42698  125
43644  125
43186  125
46760  125
43480  125
44462  125
48452  125
43563  125
43614  125
43391  125
44541  126
44863  126
44782  126
44570  126
43717  126
43618  126
44242  126
44840  126
46571  126
47289  126
45510  127
45817  127
44751  127
45077  127
44934  127
44581  127
45244  127
45256  127
45339  127
44958  127
46313  128
47386  128
47628  128
45886  128
45685  128
45784  128
45320  128
45493  128
45858  128
45971  128
47258  129
49484  129
53362  129
46577  129
67376  129
47457  129
47597  129
46827  129
46861  129
46745  129
47672  130
47409  130
47846  130
53598  130
50546  130
48088  130
50474  130
47069  130
49759  130
47194  130
48046  131
48482  131
48920  131
48566  131
48722  131
49460  131
50581  131
49153  131
74573  131
48139  131
54187  132
48191  132
49799  132
49337  132
48534  132
49366  132
49903  132
48920  132
52772  132
53491  132
52402  133
49272  133
49780  133
49462  133
50632  133
50250  133
49607  133
49355  133
48963  133
50270  133
52679  134
53090  134
51446  134
50463  134
50858  134
50185  134
50831  134
50686  134
53712  134
49560  134
50621  135
52579  135
51714  135
51632  135
56062  135
50974  135
50259  135
51603  135
51860  135
51786  135
52691  136
52086  136
56560  136
54217  136
54223  136
62856  136
58126  136
53624  136
52670  136
51528  136
52128  137
52474  137
52724  137
54442  137
56903  137
54591  137
65887  137
56118  137
58987  137
52294  137
53370  138
54452  138
53406  138
53738  138
58576  138
58349  138
54504  138
58627  138
53543  138
54003  138
54002  139
53933  139
54492  139
55960  139
56309  139
55812  139
56165  139
68122  139
53684  139
55389  139
55274  140
55847  140
55109  140
54928  140
55285  140
60104  140
64999  140
60971  140
59255  140
55832  140
56833  141
56706  141
58028  141
61881  141
56846  141
56821  141
63818  141
79115  141
59900  141
59426  141
57109  142
59231  142
56946  142
57458  142
57208  142
57660  142
62013  142
60745  142
58734  142
61146  142
57796  143
58582  143
59186  143
59665  143
57702  143
66479  143
62886  143
59692  143
60146  143
62805  143
59179  144
59472  144
63424  144
59289  144
49613  144
71096  144
57566  144
61721  144
62177  144
65559  144
59793  145
61799  145
59187  145
58691  145
60462  145
59457  145
60406  145
61400  145
65763  145
62581  145
67208  146
64014  146
63605  146
63680  146
64159  146
64236  146
64124  146
69819  146
66036  146
66888  146
61789  147
61441  147
62153  147
62471  147
65658  147
65151  147
64727  147
65585  147
62884  147
63642  147
71491  148
62857  148
63438  148
64919  148
66788  148
63137  148
63022  148
90012  148
61933  148
74011  148
67522  149
63252  149
67957  149
63127  149
63537  149
64207  149
63773  149
67009  149
76700  149
66855  149
67978  150
63549  150
65337  150
64191  150
64496  150
63889  150
70962  150
64303  150
73988  150
68054  150
69870  151
68069  151
64591  151
65163  151
64801  151
66221  151
69350  151
77287  151
65488  151
69032  151
65274  152
65935  152
66751  152
70186  152
71763  152
72584  152
66130  152
65317  152
68993  152
69671  152
67022  153
73584  153
71505  153
67266  153
69134  153
93726  153
76784  153
67793  153
67010  153
67506  153
68322  154
72087  154
69397  154
74548  154
70406  154
67553  154
67305  154
68640  154
67094  154
67804  154
69371  155
69484  155
70804  155
80373  155
67987  155
69862  155
69010  155
69707  155
68814  155
70245  155
70219  156
76317  156
70685  156
75996  156
69284  156
69980  156
73958  156
73787  156
68719  156
72104  156
72895  157
78460  157
100168  157
73568  157
99467  157
70873  157
75765  157
75421  157
72134  157
79712  157
79698  158
71004  158
70597  158
76182  158
70502  158
75008  158
70845  158
72284  158
80995  158
74032  158
88503  159
71516  159
78125  159
72681  159
75327  159
76224  159
82382  159
77593  159
75830  159
73330  159
72222  160
78196  160
73739  160
74043  160
72668  160
74603  160
74797  160
91256  160
73018  160
73081  160
78086  161
74251  161
74714  161
76526  161
74919  161
83490  161
77672  161
73396  161
74802  161
73163  161
74487  162
79971  162
76823  162
80375  162
83315  162
74112  162
74552  162
75431  162
78746  162
73715  162
77807  163
77292  163
93758  163
75224  163
75417  163
75683  163
75548  163
76111  163
80261  163
77647  163
80276  164
77000  164
82704  164
81626  164
76492  164
76190  164
75723  164
82449  164
82579  164
78406  164
77191  165
82566  165
79004  165
78433  165
77652  165
90437  165
80172  165
78993  165
79351  165
78401  165
82846  166
79575  166
83362  166
78301  166
78112  166
78595  166
89406  166
79474  166
86108  166
81670  166
86839  167
80465  167
85922  167
79997  167
81027  167
82547  167
83458  167
79735  167
83405  167
80303  167
80336  168
79949  168
158935  168
80036  168
79541  168
79767  168
80142  168
79001  168
88887  168
81339  168
92510  169
84979  169
82113  169
83161  169
85695  169
81483  169
85586  169
82419  169
81779  169
84960  169
81532  170
81745  170
81889  170
82296  170
85262  170
82731  170
91872  170
86727  170
81908  170
81806  170
83184  171
81219  171
82669  171
86848  171
90620  171
84760  171
86978  171
83009  171
87816  171
87368  171
85685  172
86207  172
83851  172
96394  172
84386  172
85442  172
84368  172
85280  172
83617  172
84274  172
88032  173
87200  173
88882  173
86510  173
86240  173
85033  173
85484  173
85175  173
93446  173
89891  173
93604  174
87179  174
86093  174
86849  174
87516  174
87186  174
96074  174
101831  174
91622  174
89658  174
86945  175
87028  175
87766  175
87329  175
92243  175
90408  175
88499  175
89710  175
88563  175
86609  175
89500  176
88227  176
94191  176
91538  176
86982  176
95770  176
87746  176
88561  176
89106  176
90146  176
92102  177
91395  177
90481  177
92554  177
89918  177
90385  177
93399  177
90767  177
91357  177
89888  177
93477  178
90864  178
88899  178
91623  178
93932  178
91738  178
97742  178
94366  178
93213  178
93102  178
90378  179
93935  179
91344  179
92261  179
94353  179
89970  179
94137  179
93302  179
90697  179
94144  179
93226  180
92314  180
92342  180
91931  180
95593  180
91424  180
92158  180
91945  180
92539  180
92390  180
95976  181
92362  181
94447  181
95236  181
92002  181
92099  181
96659  181
93001  181
94441  181
91169  181
93190  182
91817  182
92713  182
95762  182
99290  182
95379  182
92859  182
92428  182
92605  182
92484  182
98275  183
95722  183
97973  183
97536  183
93488  183
93419  183
96928  183
97097  183
96282  183
96695  183
98901  184
94541  184
93288  184
93116  184
95391  184
93776  184
99110  184
95136  184
94397  184
97365  184
98022  185
93983  185
94246  185
96051  185
101776  185
101621  185
94236  185
93727  185
94267  185
96084  185
99277  186
98313  186
96525  186
96572  186
96024  186
95539  186
96610  186
96371  186
101990  186
94400  186
95284  187
96111  187
94829  187
96080  187
102025  187
96712  187
97972  187
95277  187
96130  187
95571  187
97235  188
100011  188
98574  188
107152  188
95909  188
96289  188
101222  188
96571  188
103897  188
97863  188
98914  189
101553  189
140327  189
98792  189
98228  189
103079  189
106041  189
95937  189
97030  189
103804  189
101806  190
98878  190
98962  190
99410  190
98657  190
101937  190
96502  190
98235  190
97485  190
97557  190
100820  191
100146  191
98554  191
104737  191
99566  191
98848  191
99171  191
105314  191
99887  191
104049  191
98484  192
99072  192
98455  192
100789  192
100383  192
105125  192
98583  192
99268  192
100043  192
98222  192
103312  193
101509  193
98851  193
104086  193
100965  193
100674  193
105715  193
104384  193
99752  193
100025  193
100620  194
101048  194
100500  194
101904  194
103150  194
110716  194
101221  194
99706  194
101902  194
100965  194
104053  195
102365  195
103449  195
102366  195
110912  195
104933  195
101748  195
102980  195
110600  195
105942  195
105969  196
102664  196
102140  196
101906  196
102588  196
106350  196
102471  196
101221  196
101950  196
106088  196
109310  197
108751  197
106576  197
102553  197
106136  197
104619  197
102804  197
102797  197
108929  197
103179  197
102637  198
108397  198
108346  198
104068  198
106244  198
114417  198
103532  198
104179  198
102882  198
104427  198
105094  199
106483  199
104417  199
103572  199
109892  199
108733  199
108177  199
105374  199
105220  199
104247  199
103641  200
106444  200
105232  200
106977  200
106863  200
109219  200
105372  200
103650  200
105841  200
110579  200
106271  201
110406  201
107360  201
106420  201
105543  201
105083  201
111459  201
113135  201
106528  201
106696  201
107079  202
107009  202
106216  202
106338  202
119930  202
109628  202
107003  202
106395  202
106239  202
113312  202
108410  203
109003  203
110784  203
109002  203
111344  203
110490  203
112755  203
107188  203
107401  203
112380  203
110584  204
107450  204
109466  204
114419  204
107011  204
106615  204
110561  204
107416  204
115644  204
107937  204
109412  205
109724  205
111058  205
109568  205
109746  205
115004  205
105565  205
109219  205
108251  205
107635  205
111581  206
110022  206
115845  206
114464  206
109558  206
107672  206
110244  206
109989  206
115071  206
116535  206
110606  207
110513  207
115341  207
110650  207
118930  207
114868  207
111204  207
115673  207
109622  207
112937  207
113367  208
114669  208
110206  208
108789  208
115835  208
110440  208
110525  208
118275  208
114835  208
109860  208
117295  209
111215  209
118360  209
115937  209
110575  209
111327  209
114543  209
111063  209
120244  209
114685  209
111981  210
111961  210
111147  210
117055  210
114351  210
114257  210
112790  210
110514  210
111730  210
110527  210
119963  211
120166  211
112759  211
112727  211
113219  211
110949  211
112445  211
113980  211
117088  211
113313  211
113679  212
113432  212
112930  212
120916  212
120032  212
112799  212
113468  212
114876  212
121511  212
113989  212
120068  213
115145  213
113494  213
118887  213
115318  213
123234  213
118111  213
114313  213
112348  213
119174  213
115369  214
116733  214
114915  214
114316  214
115072  214
115230  214
117393  214
126272  214
111972  214
114142  214
116311  215
115371  215
116712  215
115975  215
115901  215
114655  215
116506  215
117163  215
117329  215
121828  215
116233  216
116471  216
122860  216
115438  216
123829  216
130491  216
116999  216
116918  216
117694  216
116390  216
119408  217
124218  217
118621  217
117775  217
116622  217
117824  217
116521  217
120890  217
123714  217
116365  217
123563  218
118106  218
120074  218
112705  218
124877  218
122813  218
115564  218
116963  218
121071  218
119124  218
119464  219
117601  219
116801  219
122717  219
121406  219
118827  219
118940  219
122889  219
122966  219
120734  219
130061  220
120952  220
125343  220
123510  220
118855  220
121207  220
118858  220
126640  220
124737  220
118605  220
119348  221
125113  221
126301  221
119650  221
125087  221
119860  221
120481  221
127251  221
119737  221
119203  221
118338  222
118165  222
128751  222
124191  222
126803  222
119956  222
120946  222
120668  222
132399  222
118829  222
121955  223
126848  223
126672  223
125624  223
118032  223
121210  223
121139  223
122584  223
125625  223
124573  223
127691  224
121723  224
126586  224
122381  224
125022  224
133826  224
126541  224
120359  224
128533  224
121036  224
124598  225
128645  225
127980  225
127069  225
120706  225
128424  225
133614  225
127953  225
123166  225
122208  225
126455  226
131611  226
123392  226
123839  226
121556  226
121610  226
124604  226
126603  226
129451  226
123864  226
129480  227
124516  227
124633  227
122656  227
124255  227
129039  227
124415  227
125436  227
134593  227
123337  227
123195  228
124384  228
122412  228
128839  228
124283  228
126185  228
124942  228
124050  228
126083  228
128368  228
125381  229
127227  229
124739  229
125316  229
136178  229
132261  229
125072  229
130498  229
126753  229
124679  229
137965  230
123657  230
124941  230
123674  230
136135  230
136548  230
125533  230
132705  230
131559  230
129780  230
131609  231
127180  231
127781  231
127048  231
132652  231
127761  231
126337  231
128028  231
133562  231
127461  231
137531  232
133298  232
126905  232
127477  232
135886  232
126769  232
134697  232
126993  232
134915  232
133131  232
128366  233
129379  233
130073  233
130099  233
129179  233
128309  233
137892  233
129540  233
129903  233
126019  233
126654  234
128468  234
135766  234
136079  234
127840  234
128277  234
132850  234
143200  234
127980  234
130018  234
127585  235
127952  235
136610  235
135382  235
127146  235
130049  235
128089  235
131339  235
130317  235
128294  235
136644  236
137064  236
132459  236
143629  236
137535  236
128417  236
136613  236
134668  236
135558  236
136168  236
132456  237
134953  237
138374  237
147515  237
131860  237
130631  237
128720  237
131978  237
121721  237
135446  237
130350  238
129589  238
132840  238
138912  238
132555  238
131694  238
132006  238
129736  238
132128  238
132710  238
130985  239
129372  239
130416  239
134327  239
138306  239
132680  239
137873  239
131962  239
133612  239
135615  239
130779  240
138312  240
131115  240
135329  240
134115  240
133558  240
142512  240
131645  240
132692  240
135791  240
134641  241
130909  241
131778  241
136313  241
138211  241
131051  241
130615  241
139859  241
131999  241
136745  241
133552  242
133055  242
132021  242
136628  242
137597  242
132027  242
139952  242
131284  242
131628  242
135781  242
142024  243
132748  243
131878  243
135058  243
141281  243
132660  243
133113  243
136323  243
136805  243
139629  243
136594  244
138767  244
134220  244
134391  244
137267  244
133008  244
135835  244
134981  244
139693  244
143649  244
136143  245
139517  245
134731  245
136564  245
141238  245
144563  245
133795  245
133379  245
135151  245
137737  245
135076  246
145086  246
139535  246
137022  246
142522  246
136769  246
136466  246
144098  246
138512  246
147629  246
144745  247
135469  247
139534  247
146677  247
142285  247
137686  247
135768  247
135203  247
136576  247
128304  247
145507  248
137772  248
137027  248
138043  248
134215  248
137382  248
145763  248
136787  248
138493  248
138638  248
141366  249
140187  249
137482  249
142024  249
142804  249
138370  249
137188  249
139847  249
141644  249
147441  249
140359  250
148800  250
139597  250
140035  250
149875  250
138000  250
137840  250
147865  250
142365  250
147596  250
139932  251
145892  251
154745  251
142448  251
139252  251
139181  251
141274  251
150055  251
147741  251
141057  251
139361  252
152927  252
142018  252
138183  252
140035  252
150184  252
144036  252
151878  252
147253  252
144056  252
142353  253
147276  253
149189  253
144362  253
139613  253
139248  253
147021  253
138579  253
144089  253
140801  253
152340  254
145845  254
150483  254
140467  254
141472  254
154632  254
143402  254
140179  254
146203  254
141311  254
162061  255
152374  255
146126  255
140379  255
151832  255
137784  255
145597  255
150950  255
142069  255
157197  255
142632  256
145962  256
150256  256
141665  256
147422  256
152152  256
142063  256
145777  256
157660  256
142129  256
146104  257
142413  257
148846  257
148387  257
145291  257
143003  257
140793  257
148114  257
152396  257
152956  257
144097  258
141980  258
143676  258
147702  258
144753  258
143433  258
143205  258
145074  258
152081  258
143107  258
143587  259
147209  259
152651  259
144887  259
143564  259
144530  259
146376  259
146258  259
149655  259
145019  259
146470  260
143247  260
148005  260
146237  260
145292  260
155783  260
154375  260
145098  260
146412  260
159902  260
143736  261
146863  261
144618  261
151434  261
148034  261
149812  261
146372  261
156168  261
157044  261
147993  261
142869  262
146579  262
169902  262
153098  262
148560  262
148747  262
158274  262
148156  262
150138  262
152021  262
146618  263
147730  263
163574  263
157431  263
158557  263
146712  263
150175  263
158524  263
148704  263
156943  263
153247  264
141154  264
153407  264
148658  264
160030  264
152949  264
149299  264
160592  264
156160  264
153551  264
150221  265
154337  265
149889  265
152830  265
165099  265
150043  265
154432  265
160233  265
156804  265
149594  265
161175  266
155329  266
158564  266
149896  266
155671  266
149265  266
159812  266
154621  266
151292  266
153398  266
152428  267
153033  267
151461  267
151706  267
161687  267
167704  267
153472  267
156508  267
161693  267
150981  267
167378  268
156104  268
158280  268
151328  268
167786  268
155654  268
158575  268
161816  268
167284  268
148933  268
157661  269
163293  269
151704  269
160243  269
162924  269
156718  269
153220  269
166564  269
151246  269
162295  269
159937  270
157407  270
159229  270
158904  270
153277  270
166274  270
158183  270
158236  270
152075  270
153578  270
164303  271
164263  271
154700  271
157843  271
155381  271
153020  271
164975  271
167439  271
153291  271
152822  271
158884  272
154273  272
171637  272
153192  272
164035  272
155022  272
156718  272
153677  272
163799  272
154526  272
170868  273
163519  273
160602  273
153932  273
169206  273
158002  273
153555  273
165143  273
166479  273
168960  273
161011  274
156166  274
156477  274
172904  274
154381  274
155443  274
155044  274
157887  274
154631  274
166763  274
160363  275
157610  275
157062  275
156080  275
154952  275
156964  275
173620  275
167912  275
157812  275
168736  275
159532  276
155448  276
157669  276
164800  276
164189  276
155758  276
168812  276
159824  276
174424  276
168846  276
169083  277
172001  277
160767  277
163297  277
159037  277
158440  277
168715  277
165205  277
169953  277
170097  277
165846  278
171510  278
170397  278
158673  278
166815  278
159587  278
158548  278
163715  278
159953  278
169238  278
159047  279
164176  279
168975  279
160855  279
164012  279
157976  279
172114  279
159136  279
158181  279
160950  279
163910  280
159456  280
166203  280
159951  280
178547  280
158578  280
160029  280
160062  280
162258  280
163714  280
159874  281
159942  281
173173  281
168305  281
167448  281
173962  281
173830  281
167617  281
160326  281
163010  281
176653  282
160678  282
162745  282
171710  282
169277  282
179150  282
173543  282
168717  282
164595  282
169854  282
162195  283
174994  283
171337  283
161428  283
163714  283
161477  283
164259  283
163495  283
160847  283
174900  283
166414  284
162200  284
162933  284
174865  284
166531  284
164962  284
167419  284
163396  284
179993  284
169238  284
164617  285
164939  285
180135  285
163846  285
165767  285
178736  285
164355  285
166525  285
178505  285
166694  285
190190  286
165959  286
180121  286
172871  286
182388  286
166540  286
176808  286
167351  286
170977  286
178118  286
168589  287
173895  287
171808  287
164994  287
169003  287
168948  287
187307  287
179732  287
166656  287
169803  287
169986  288
167753  288
167191  288
178717  288
168182  288
171405  288
166073  288
167401  288
179498  288
174685  288
167345  289
185256  289
167327  289
165755  289
170389  289
177349  289
167879  289
166820  289
181108  289
175158  289
181573  290
168754  290
182457  290
181136  290
180179  290
169028  290
167720  290
180445  290
168513  290
179515  290
173889  291
170626  291
170340  291
175752  291
171622  291
170348  291
167008  291
170594  291
182941  291
183252  291
183636  292
181551  292
175639  292
170191  292
183371  292
171889  292
169533  292
174950  292
171339  292
174714  292
183730  293
177979  293
184700  293
173266  293
171303  293
175999  293
186605  293
179005  293
186346  293
178011  293
172575  294
172284  294
171910  294
184695  294
176485  294
170844  294
172597  294
172430  294
179116  294
173796  294
173041  295
188270  295
179276  295
174868  295
187282  295
175618  295
175653  295
172858  295
185902  295
178556  295
189747  296
187397  296
176260  296
190185  296
174315  296
188522  296
177350  296
187327  296
172836  296
186124  296
178622  297
190224  297
175612  297
184158  297
176461  297
173638  297
174141  297
193374  297
174098  297
189008  297
176361  298
183330  298
175896  298
189585  298
180761  298
195263  298
177929  298
173582  298
192466  298
178503  298
190040  299
176056  299
199927  299
177208  299
183435  299
178265  299
177851  299
176081  299
190756  299
178838  299
176779  300
175498  300
181644  300
178507  300
176964  300
176728  300
178738  300
182896  300
190393  300
174538  300
