3978  7
4169  7
8122  7
2534  7
15790  7
4726  7
4101  7
4125  7
1366  7
3000  7
298  8
4154  8
4161  8
297  8
4936  8
343  8
7910  8
275  8
3880  8
3909  8
463  9
312  9
367  9
3290  9
1979  9
2493  9
2165  9
328  9
1512  9
1179  9
342  10
4299  10
3159  10
4174  10
4260  10
4211  10
1239  10
2194  10
4272  10
4167  10
339  11
1924  11
465  11
2832  11
4261  11
8198  11
602  11
344  11
4303  11
4252  11
1742  12
606  12
2711  12
614  12
4351  12
4338  12
5291  12
2279  12
2675  12
3494  12
4305  13
2280  13
454  13
4020  13
4202  13
484  13
970  13
4362  13
8968  13
8297  13
8284  14
4329  14
2331  14
2453  14
2165  14
6170  14
3380  14
2331  14
8353  14
477  14
2425  15
1911  15
1878  15
8363  15
4364  15
4368  15
7817  15
4501  15
4540  15
4358  15
2410  16
2522  16
5008  16
4394  16
2154  16
4423  16
4438  16
4461  16
2699  16
3503  16
4659  17
693  17
665  17
4493  17
698  17
7632  17
4287  17
4494  17
1029  17
4531  17
1499  18
1126  18
4276  18
880  18
4681  18
2542  18
2191  18
4270  18
751  18
8787  18
841  19
974  19
2641  19
2058  19
2132  19
9273  19
4633  19
4597  19
4651  19
2645  19
2707  20
985  20
4242  20
4241  20
2803  20
2353  20
1958  20
918  20
4836  20
1861  20
4875  21
1018  21
5211  21
4846  21
4221  21
4416  21
3927  21
1031  21
2457  21
3079  21
5053  22
4870  22
2702  22
4811  22
1320  22
4859  22
2716  22
2792  22
1420  22
4912  22
4771  23
5075  23
5115  23
4904  23
2434  23
4996  23
1404  23
5061  23
2275  23
4940  23
2973  24
4973  24
2600  24
5143  24
3743  24
1837  24
6359  24
1479  24
5392  24
4097  24
6181  25
5127  25
5160  25
9095  25
3163  25
9129  25
5184  25
5072  25
8221  25
2846  25
1923  26
3347  26
5148  26
5219  26
2694  26
3197  26
4167  26
1858  26
1811  26
5462  26
4125  27
5319  27
1979  27
5258  27
5427  27
10086  27
9316  27
6885  27
1226  27
4958  27
3907  28
5225  28
5507  28
4888  28
5457  28
5559  28
4913  28
2057  28
5515  28
2346  28
2124  29
4278  29
4754  29
5604  29
3587  29
1682  29
5956  29
5629  29
3601  29
2009  29
4432  30
2499  30
9436  30
5729  30
5921  30
5736  30
2783  30
5668  30
5690  30
6123  30
8033  31
5911  31
10207  31
5742  31
5846  31
9863  31
9982  31
5805  31
5861  31
2580  31
3982  32
9938  32
2571  32
5692  32
4036  32
3595  32
2431  32
6738  32
8238  32
5897  32
4750  33
6375  33
6199  33
6054  33
2775  33
6031  33
6050  33
6074  33
6452  33
6247  33
10537  34
4461  34
2747  34
10434  34
3139  34
5046  34
6152  34
5704  34
8573  34
9420  34
5481  35
9407  35
12071  35
6683  35
7220  35
6409  35
5816  35
6354  35
2280  35
2629  35
6378  36
10610  36
6793  36
6627  36
6940  36
10542  36
6706  36
6528  36
5054  36
3191  36
6686  37
10130  37
17778  37
7728  37
7904  37
3429  37
3082  37
3273  37
7229  37
5879  37
7871  38
9911  38
8856  38
5129  38
7201  38
6812  38
3614  38
4046  38
8967  38
9131  38
8999  39
7171  39
10019  39
9627  39
8403  39
7266  39
9116  39
11159  39
6970  39
7130  39
6871  40
11702  40
4374  40
13065  40
4336  40
10619  40
10169  40
11287  40
4155  40
7103  40
11299  41
8787  41
4379  41
9192  41
7591  41
10284  41
11416  41
7600  41
7423  41
7287  41
10166  42
7608  42
7657  42
9311  42
4426  42
8538  42
9114  42
7797  42
4457  42
6359  42
12258  43
8320  43
7962  43
5188  43
4606  43
8533  43
6641  43
8035  43
7977  43
9806  43
8042  44
5455  44
9303  44
9108  44
11847  44
12663  44
8272  44
7941  44
7934  44
8013  44
8118  45
11049  45
12341  45
7185  45
8634  45
5125  45
12383  45
8221  45
8242  45
8306  45
11492  46
10937  46
5670  46
5783  46
8765  46
8765  46
12352  46
8555  46
12659  46
12587  46
13058  47
11872  47
6136  47
12945  47
5808  47
5734  47
11646  47
12741  47
8892  47
13138  47
13194  48
8885  48
9281  48
8930  48
9038  48
11836  48
12814  48
11315  48
11170  48
7974  48
11655  49
11495  49
15548  49
11051  49
7073  49
13369  49
7898  49
13721  49
9855  49
6616  49
9408  50
8987  50
13210  50
9769  50
9947  50
9449  50
8994  50
10625  50
9487  50
9316  50
13228  51
11662  51
9707  51
14299  51
8551  51
13363  51
14149  51
9364  51
9449  51
12865  51
10064  52
9937  52
13519  52
13899  52
9777  52
9824  52
9924  52
9826  52
11057  52
11352  52
10389  53
10176  53
10901  53
9876  53
10280  53
11486  53
9802  53
10463  53
10186  53
9833  53
12106  54
10267  54
10987  54
29541  54
11453  54
11077  54
10462  54
10579  54
15078  54
7789  54
8285  55
13346  55
13973  55
13198  55
14713  55
10552  55
10041  55
11493  55
10693  55
8381  55
14689  56
8682  56
15137  56
10803  56
8054  56
10574  56
10974  56
10609  56
12785  56
10688  56
9096  57
11551  57
12098  57
11271  57
9392  57
11988  57
16478  57
10443  57
11534  57
9406  57
11381  58
11591  58
18755  58
11748  58
11065  58
11965  58
11815  58
11080  58
15855  58
11496  58
12796  59
15431  59
9819  59
11923  59
9500  59
11663  59
11717  59
11548  59
12184  59
9188  59
12104  60
12242  60
13833  60
12168  60
12311  60
11824  60
14074  60
11947  60
11869  60
12881  60
19024  61
14363  61
13080  61
14566  61
12049  61
12214  61
12271  61
14904  61
13080  61
13834  61
12125  62
12447  62
11310  62
20258  62
15455  62
10743  62
10953  62
17680  62
13700  62
13743  62
10252  63
17263  63
14956  63
13097  63
14274  63
13629  63
16644  63
12888  63
13190  63
17374  63
13329  64
12933  64
12968  64
13238  64
14026  64
17769  64
14408  64
15771  64
12759  64
12931  64
13986  65
13622  65
13173  65
13294  65
14752  65
13653  65
14387  65
14071  65
16779  65
13171  65
14261  66
16001  66
17863  66
18382  66
13516  66
14174  66
18082  66
11993  66
16632  66
14301  66
31641  67
14325  67
18251  67
15498  67
17661  67
15135  67
14429  67
13616  67
13971  67
12340  67
14504  68
14393  68
14988  68
14269  68
17260  68
15208  68
13964  68
14833  68
14018  68
16663  68
14822  69
14106  69
14524  69
14570  69
14573  69
15331  69
22765  69
13706  69
15338  69
14480  69
17032  70
18218  70
16164  70
14935  70
17486  70
19479  70
19672  70
13389  70
17733  70
14807  70
19897  71
15551  71
15167  71
14146  71
17790  71
18815  71
16174  71
15205  71
19360  71
19740  71
16129  72
15403  72
16561  72
20031  72
17126  72
17640  72
15487  72
16778  72
15721  72
16667  72
16764  73
16487  73
14819  73
16601  73
16200  73
15914  73
19706  73
20600  73
20790  73
20736  73
17474  74
16816  74
16676  74
18130  74
17571  74
17625  74
17178  74
20962  74
17411  74
16388  74
18367  75
16941  75
17261  75
20715  75
17581  75
16517  75
18354  75
17707  75
19003  75
16638  75
17593  76
18161  76
18220  76
22001  76
21340  76
18716  76
17102  76
21054  76
20773  76
19707  76
17771  77
16887  77
16507  77
18238  77
18631  77
18860  77
19159  77
17717  77
18388  77
17481  77
18400  78
21601  78
18737  78
17639  78
21349  78
19386  78
17637  78
18115  78
22473  78
18036  78
19334  79
18152  79
18334  79
18585  79
19035  79
18668  79
19782  79
18634  79
21578  79
19254  79
17975  80
18756  80
20792  80
23773  80
20039  80
19015  80
18709  80
20584  80
18496  80
22743  80
19357  81
21634  81
19707  81
20440  81
19488  81
19213  81
23173  81
23609  81
19055  81
19668  81
19621  82
23400  82
20751  82
20083  82
29307  82
20151  82
19112  82
17918  82
21313  82
20419  82
19380  83
24054  83
21056  83
20208  83
19977  83
20839  83
20851  83
23982  83
20399  83
19975  83
24002  84
25304  84
20491  84
22226  84
20093  84
26339  84
20904  84
20653  84
25938  84
20419  84
20789  85
21547  85
22588  85
20692  85
20825  85
20717  85
23537  85
25061  85
24354  85
23610  85
21636  86
21946  86
21077  86
23859  86
22780  86
25887  86
22705  86
22002  86
25643  86
23964  86
24650  87
23335  87
22015  87
22889  87
23165  87
21741  87
22648  87
28045  87
24236  87
23090  87
22982  88
23090  88
22575  88
22686  88
22979  88
23680  88
25862  88
27545  88
22063  88
22602  88
26285  89
23069  89
23532  89
23755  89
24849  89
23334  89
22964  89
25424  89
26631  89
23687  89
24425  90
25377  90
22961  90
23128  90
23656  90
23172  90
25278  90
25478  90
25581  90
22658  90
24130  91
24429  91
24944  91
27073  91
23333  91
23316  91
26121  91
26268  91
25421  91
27679  91
26040  92
22859  92
33597  92
24089  92
24926  92
24743  92
28579  92
33539  92
30726  92
26442  92
25900  93
28416  93
25359  93
25696  93
25000  93
26053  93
28334  93
26063  93
32890  93
27456  93
25924  94
36122  94
24959  94
29756  94
28875  94
27533  94
25080  94
26058  94
28484  94
25995  94
29453  95
27450  95
26677  95
27467  95
24983  95
25948  95
25675  95
29311  95
29321  95
33630  95
27095  96
27906  96
25873  96
27715  96
39448  96
32003  96
24850  96
26579  96
29861  96
27904  96
34807  97
27208  97
26401  97
27998  97
29945  97
26571  97
26399  97
28315  97
27269  97
33646  97
30955  98
30218  98
29555  98
28573  98
31422  98
26577  98
30485  98
27257  98
27111  98
30848  98
29345  99
27713  99
27855  99
28359  99
27652  99
28655  99
27794  99
28739  99
27032  99
36887  99
28993  100
33182  100
36024  100
28050  100
33677  100
29699  100
27568  100
28194  100
31972  100
28093  100
28000  101
30546  101
32610  101
30550  101
28084  101
30571  101
28080  101
29346  101
37490  101
32406  101
32418  102
34570  102
33187  102
29342  102
30687  102
31343  102
29353  102
29652  102
28745  102
33276  102
29487  103
29934  103
28759  103
29750  103
29827  103
38170  103
33985  103
31684  103
28948  103
31055  103
32220  104
33542  104
31361  104
35007  104
31465  104
29552  104
33146  104
30187  104
30851  104
30074  104
30919  105
29947  105
33059  105
34394  105
32893  105
29551  105
30889  105
35228  105
39448  105
32804  105
32577  106
36193  106
30360  106
31781  106
32441  106
32328  106
30811  106
32871  106
30580  106
32820  106
31530  107
35712  107
38233  107
32777  107
36447  107
32653  107
40138  107
37419  107
36639  107
31409  107
32113  108
32354  108
35117  108
32216  108
33249  108
34169  108
32010  108
32202  108
34497  108
36239  108
36374  109
38922  109
33155  109
39388  109
32684  109
36385  109
32557  109
33455  109
33118  109
33004  109
33838  110
33632  110
34893  110
33654  110
33464  110
35650  110
41888  110
42698  110
37594  110
41146  110
33698  111
36169  111
36576  111
33897  111
40015  111
34408  111
35738  111
35760  111
34629  111
35329  111
34419  112
39714  112
32853  112
40491  112
42069  112
44293  112
34231  112
36078  112
37073  112
34790  112
35799  113
36059  113
35341  113
34793  113
35130  113
38782  113
38950  113
46214  113
36259  113
35708  113
37569  114
36868  114
36429  114
37493  114
36224  114
35404  114
35492  114
35770  114
34671  114
35780  114
37086  115
36250  115
39477  115
40639  115
39985  115
38156  115
46065  115
36166  115
40307  115
37564  115
37129  116
37362  116
37522  116
36955  116
37523  116
38085  116
36976  116
42048  116
46454  116
39388  116
41801  117
47340  117
37331  117
39651  117
38512  117
40276  117
43404  117
37463  117
37982  117
37692  117
40110  118
43468  118
46554  118
41069  118
40601  118
50380  118
40518  118
38171  118
38594  118
38700  118
40173  119
39140  119
42565  119
38823  119
42916  119
40015  119
42025  119
41187  119
41650  119
56572  119
46492  120
41963  120
41636  120
38889  120
41146  120
40758  120
39416  120
39154  120
43763  120
43285  120
41076  121
44245  121
41860  121
41284  121
44263  121
42439  121
39791  121
40598  121
40467  121
40586  121
40944  122
40884  122
40886  122
46408  122
44097  122
47218  122
46877  122
43475  122
45431  122
45232  122
42471  123
41346  123
41608  123
42849  123
41105  123
41612  123
43587  123
43612  123
49584  123
41330  123
48736  124
45248  124
47675  124
42846  124
42151  124
41441  124
42461  124
43972  124
44811  124
46606  124
45206  125
46132  125
44047  125
46728  125
46993  125
50223  125
43465  125
43793  125
42319  125
43442  125
44193  126
44790  126
43357  126
43419  126
48659  126
48275  126
46887  126
47210  126
48103  126
44700  126
45529  127
43695  127
45899  127
45154  127
43488  127
46137  127
48010  127
48683  127
54512  127
54407  127
48979  128
52792  128
44757  128
45193  128
46029  128
45157  128
46905  128
44989  128
47554  128
52053  128
47338  129
53325  129
49797  129
46054  129
45431  129
45955  129
46903  129
46425  129
46124  129
47572  129
46981  130
48300  130
52965  130
47876  130
54392  130
48727  130
45710  130
52230  130
50072  130
46196  130
46426  131
45988  131
49278  131
49614  131
47897  131
55722  131
47183  131
48288  131
49104  131
49343  131
50568  132
51836  132
47350  132
47803  132
49390  132
49708  132
51709  132
59010  132
57080  132
47432  132
48283  133
48455  133
48386  133
48058  133
47948  133
50101  133
52921  133
50910  133
56072  133
50112  133
54099  134
50208  134
49630  134
49543  134
49507  134
49458  134
49616  134
52754  134
55129  134
49864  134
64618  135
50265  135
51066  135
52294  135
49776  135
50423  135
49840  135
56447  135
49454  135
57678  135
53909  136
64522  136
50653  136
51626  136
51795  136
51237  136
51638  136
53379  136
52664  136
53394  136
61325  137
56209  137
53823  137
54849  137
54815  137
51721  137
51355  137
52302  137
51336  137
53036  137
54675  138
52102  138
53805  138
55371  138
56083  138
52612  138
51878  138
55627  138
51420  138
53349  138
54681  139
52710  139
54967  139
60646  139
72219  139
56432  139
52977  139
53227  139
52707  139
52726  139
56680  140
55513  140
56114  140
56996  140
55640  140
56958  140
58290  140
55539  140
52607  140
53173  140
58651  141
54278  141
57739  141
59924  141
60311  141
64206  141
54821  141
53531  141
54642  141
54183  141
55129  142
55252  142
55825  142
59463  142
59288  142
66286  142
56120  142
55674  142
55920  142
55916  142
56619  143
56066  143
56294  143
64439  143
64130  143
69301  143
64921  143
56604  143
55944  143
56292  143
57223  144
57153  144
60550  144
61127  144
59874  144
62630  144
57389  144
56390  144
58046  144
56667  144
58057  145
64231  145
57343  145
57521  145
60255  145
63281  145
56915  145
57400  145
58502  145
57636  145
57010  146
58017  146
58158  146
58670  146
64956  146
60437  146
62551  146
57285  146
59572  146
57608  146
58323  147
59093  147
58784  147
59999  147
63324  147
63792  147
63958  147
61563  147
61671  147
59364  147
60170  148
58739  148
63654  148
66548  148
62621  148
66019  148
59667  148
61346  148
61635  148
59774  148
64251  149
59578  149
66125  149
67564  149
66557  149
61808  149
64114  149
59530  149
60226  149
61635  149
60658  150
67914  150
67420  150
68661  150
67750  150
61580  150
60593  150
65660  150
61689  150
61948  150
62774  151
73209  151
66822  151
77855  151
72069  151
64974  151
62333  151
62711  151
65923  151
65286  151
66569  152
72251  152
64039  152
68004  152
68245  152
63974  152
65552  152
72273  152
61834  152
66888  152
66695  153
64507  153
70636  153
66260  153
64781  153
61087  153
64564  153
67296  153
64155  153
71101  153
74297  154
85154  154
64664  154
66282  154
64042  154
66210  154
69922  154
66699  154
70037  154
71357  154
65467  155
66092  155
66698  155
69020  155
67334  155
65534  155
79076  155
70278  155
88804  155
64168  155
65915  156
69175  156
65715  156
67213  156
64637  156
70427  156
71873  156
71148  156
67743  156
64509  156
66178  157
68318  157
67144  157
68501  157
79565  157
76275  157
77682  157
69283  157
69905  157
71259  157
70727  158
67948  158
68143  158
75018  158
68952  158
76370  158
68994  158
67154  158
69242  158
70545  158
70874  159
71600  159
74995  159
78841  159
72762  159
70621  159
69512  159
70053  159
68587  159
70891  159
84843  160
67689  160
78261  160
80625  160
70438  160
69595  160
72640  160
68620  160
77418  160
68409  160
70965  161
69609  161
75771  161
70520  161
72369  161
72631  161
73988  161
70203  161
73649  161
80134  161
71058  162
72357  162
73864  162
73547  162
71326  162
77758  162
74015  162
76697  162
87484  162
74322  162
73585  163
71676  163
73386  163
77362  163
78363  163
72797  163
84131  163
76247  163
80013  163
71867  163
73532  164
71481  164
77439  164
76831  164
77317  164
76701  164
74498  164
72697  164
72335  164
75131  164
73461  165
82962  165
75276  165
93109  165
73910  165
75978  165
73467  165
74037  165
76079  165
79280  165
81480  166
89038  166
74637  166
75761  166
80993  166
74246  166
74571  166
77573  166
82520  166
76565  166
82308  167
77143  167
77180  167
76066  167
74607  167
85439  167
83618  167
82264  167
83246  167
75080  167
77705  168
79673  168
82164  168
83554  168
78348  168
83324  168
79675  168
78891  168
75528  168
74549  168
81779  169
75333  169
87669  169
86220  169
87392  169
75228  169
76937  169
75255  169
76288  169
79373  169
87081  170
76628  170
87852  170
85225  170
77876  170
79189  170
78270  170
77894  170
81441  170
81195  170
86142  171
78912  171
76994  171
75397  171
75697  171
77799  171
78188  171
82614  171
85531  171
82791  171
78530  172
83134  172
80320  172
80001  172
82154  172
85631  172
96392  172
86386  172
77863  172
78929  172
80989  173
80060  173
82777  173
90815  173
93703  173
79900  173
79840  173
80673  173
81105  173
80691  173
84067  174
84180  174
79551  174
83997  174
84187  174
81296  174
82190  174
83472  174
90049  174
82087  174
94225  175
81410  175
83109  175
81927  175
81626  175
81447  175
90458  175
91417  175
94464  175
83651  175
80810  176
85915  176
83787  176
86477  176
89182  176
90513  176
92220  176
84030  176
85213  176
83407  176
84953  177
87526  177
85055  177
95008  177
91340  177
82562  177
86138  177
82301  177
83874  177
88350  177
92136  178
92335  178
89896  178
85042  178
83159  178
84300  178
84356  178
92252  178
91269  178
88026  178
86268  179
87916  179
91598  179
86071  179
86801  179
94895  179
92244  179
88140  179
89703  179
89055  179
88468  180
86229  180
92426  180
94469  180
93704  180
91710  180
84299  180
91196  180
88730  180
88395  180
91474  181
90025  181
91976  181
90108  181
91841  181
87419  181
87984  181
92918  181
95024  181
93855  181
89772  182
88844  182
92382  182
89586  182
95383  182
91747  182
100716  182
85678  182
89324  182
87612  182
94711  183
91562  183
93149  183
93828  183
93655  183
92368  183
92199  183
89720  183
91418  183
92804  183
95616  184
101223  184
94459  184
89924  184
93153  184
92578  184
90441  184
93893  184
104149  184
89040  184
90911  185
90749  185
92821  185
91188  185
93105  185
95771  185
89522  185
92086  185
93584  185
92159  185
89860  186
99169  186
97840  186
99972  186
91078  186
92100  186
92488  186
93754  186
90938  186
94987  186
103454  187
94028  187
92990  187
91073  187
93454  187
91581  187
93078  187
97586  187
93949  187
91153  187
95770  188
92137  188
92007  188
100166  188
94695  188
92611  188
93136  188
92098  188
91797  188
92439  188
93936  189
98276  189
99730  189
93507  189
97317  189
91894  189
91530  189
91805  189
93516  189
101332  189
93202  190
95380  190
95203  190
95322  190
99886  190
98786  190
100823  190
93163  190
95573  190
98291  190
98542  191
97715  191
98961  191
104397  191
94542  191
95738  191
93105  191
94261  191
96705  191
97246  191
101435  192
95336  192
95048  192
94322  192
95221  192
94992  192
103319  192
105780  192
105011  192
97120  192
102150  193
94746  193
96179  193
98597  193
102257  193
100841  193
97899  193
104008  193
96525  193
100482  193
98158  194
104621  194
96581  194
95141  194
95951  194
98567  194
105930  194
108020  194
101753  194
104478  194
97983  195
97735  195
98875  195
101034  195
106717  195
103593  195
96161  195
96139  195
95794  195
102013  195
107468  196
104649  196
101044  196
98329  196
97826  196
97994  196
95787  196
101051  196
102646  196
105872  196
99271  197
99724  197
100030  197
102564  197
104910  197
101146  197
96834  197
98858  197
97876  197
98737  197
108230  198
98212  198
102488  198
96241  198
98013  198
104688  198
99043  198
105052  198
106179  198
102463  198
102498  199
98194  199
109924  199
105499  199
102690  199
109357  199
98535  199
102651  199
100062  199
100231  199
100647  200
103374  200
102039  200
104067  200
103500  200
103956  200
102087  200
103389  200
108910  200
105251  200
104445  201
101512  201
100969  201
107433  201
103573  201
103565  201
103507  201
103962  201
101526  201
106148  201
105122  202
104901  202
103729  202
102791  202
105425  202
104903  202
108025  202
104644  202
101881  202
102992  202
102493  203
105878  203
104332  203
112139  203
105503  203
101971  203
101622  203
100763  203
104789  203
105436  203
106406  204
102502  204
103204  204
108936  204
101302  204
100033  204
107493  204
111146  204
103701  204
105080  204
102097  205
105403  205
104668  205
106969  205
106226  205
104245  205
101380  205
103477  205
107296  205
111480  205
112805  206
104550  206
104588  206
104205  206
108595  206
109257  206
107107  206
106411  206
105396  206
106785  206
103964  207
106508  207
104936  207
111684  207
106360  207
105350  207
105549  207
105070  207
108270  207
114402  207
104290  208
101728  208
104825  208
105338  208
111792  208
113237  208
108927  208
111271  208
106780  208
105366  208
106031  209
106028  209
108509  209
106165  209
106320  209
104857  209
108763  209
107320  209
114315  209
104369  209
106957  210
108028  210
111606  210
109318  210
116468  210
107436  210
103906  210
106536  210
106487  210
104833  210
104179  211
105091  211
105861  211
105245  211
105590  211
104937  211
107029  211
113230  211
107227  211
105712  211
105118  212
107549  212
104914  212
115986  212
104059  212
103552  212
105628  212
105235  212
113923  212
114905  212
107523  213
108524  213
111466  213
108229  213
106673  213
115951  213
113058  213
104154  213
107424  213
111011  213
109223  214
114355  214
105933  214
106801  214
107119  214
107840  214
113011  214
115298  214
105516  214
106863  214
105178  215
109152  215
108021  215
114983  215
115831  215
107430  215
110230  215
105764  215
106915  215
114178  215
118234  216
108265  216
107395  216
108440  216
116744  216
113154  216
122077  216
106111  216
109936  216
111630  216
107033  217
110090  217
128099  217
106381  217
107480  217
107666  217
107609  217
111970  217
119078  217
110179  217
107733  218
107256  218
110339  218
109382  218
115503  218
108157  218
109794  218
108339  218
109463  218
108542  218
120997  219
108374  219
110241  219
115558  219
112729  219
110711  219
123914  219
111875  219
108891  219
112670  219
112030  220
116878  220
117353  220
109273  220
109586  220
111655  220
108583  220
109702  220
109932  220
109282  220
113401  221
110466  221
111858  221
113776  221
124770  221
111316  221
114557  221
109921  221
114182  221
114202  221
125985  222
109923  222
112185  222
112173  222
109628  222
118047  222
109362  222
114058  222
109751  222
110402  222
119683  223
126870  223
116603  223
114384  223
109722  223
111514  223
111694  223
124728  223
122275  223
118967  223
120698  224
117504  224
120479  224
124562  224
115730  224
118723  224
119218  224
118056  224
115374  224
120060  224
124737  225
121021  225
118062  225
122866  225
127597  225
121303  225
121616  225
121996  225
122454  225
125888  225
120343  226
119761  226
116420  226
126236  226
127180  226
125313  226
119228  226
123143  226
123293  226
119770  226
121300  227
124456  227
114383  227
114663  227
121908  227
119096  227
116002  227
117193  227
113815  227
117613  227
116647  228
122744  228
130361  228
116733  228
118073  228
114012  228
116479  228
115357  228
127241  228
139188  228
119408  229
115596  229
116076  229
117433  229
125553  229
115307  229
115597  229
121546  229
122558  229
129185  229
119102  230
116017  230
116826  230
116515  230
127143  230
129992  230
120747  230
116639  230
117251  230
117340  230
122174  231
132378  231
129378  231
115761  231
119553  231
117826  231
130505  231
126625  231
117881  231
120830  231
119591  232
117566  232
128667  232
119728  232
119212  232
115786  232
118500  232
117982  232
128836  232
119156  232
121419  233
118148  233
119659  233
128640  233
116735  233
117431  233
119466  233
122867  233
121450  233
133062  233
119228  234
118301  234
119840  234
125205  234
119650  234
124101  234
126253  234
118155  234
118117  234
117873  234
136069  235
123629  235
120531  235
123390  235
119833  235
131267  235
123449  235
119452  235
123465  235
120571  235
122404  236
149704  236
119203  236
124270  236
122956  236
120341  236
135800  236
121095  236
118289  236
120666  236
122073  237
120586  237
124657  237
124933  237
121015  237
120238  237
128521  237
131309  237
119844  237
119261  237
121035  238
124487  238
127970  238
121413  238
132104  238
120623  238
126265  238
122522  238
126662  238
121119  238
122594  239
122656  239
126505  239
134378  239
122855  239
121172  239
123423  239
125300  239
124967  239
121591  239
125779  240
127835  240
122109  240
127575  240
133067  240
124011  240
122946  240
127131  240
133787  240
140812  240
122261  241
123301  241
132554  241
124486  241
132800  241
127687  241
127696  241
129974  241
129364  241
132835  241
124424  242
129439  242
122521  242
129869  242
126903  242
122452  242
124224  242
122673  242
125798  242
130767  242
125057  243
122803  243
125279  243
124487  243
141631  243
133102  243
125158  243
121591  243
124062  243
131143  243
140351  244
126024  244
141428  244
130088  244
134100  244
140218  244
125735  244
125960  244
128328  244
131293  244
138356  245
123508  245
124077  245
126789  245
124421  245
135692  245
129693  245
124717  245
133776  245
126054  245
127793  246
127748  246
127167  246
125249  246
127176  246
133482  246
143746  246
127532  246
128065  246
124659  246
127854  247
131890  247
128862  247
138801  247
134166  247
134708  247
130167  247
126429  247
126395  247
131591  247
129566  248
132318  248
142843  248
138697  248
128794  248
134353  248
132834  248
126747  248
126355  248
129194  248
135177  249
128285  249
128368  249
132971  249
128676  249
138132  249
128814  249
126610  249
127983  249
129561  249
130457  250
132608  250
134912  250
126956  250
135475  250
131154  250
133450  250
127636  250
144769  250
135354  250
136330  251
131070  251
131415  251
129494  251
128755  251
129514  251
139314  251
148337  251
133254  251
138733  251
130432  252
138524  252
128587  252
128354  252
130659  252
140885  252
136355  252
130020  252
130466  252
131306  252
137291  253
133051  253
126397  253
148808  253
138746  253
144285  253
139221  253
130165  253
138722  253
137776  253
151889  254
142076  254
131172  254
131109  254
140196  254
136751  254
132914  254
129158  254
144785  254
134198  254
138563  255
145567  255
150836  255
135690  255
138449  255
132073  255
135920  255
130304  255
129683  255
137341  255
131944  256
147351  256
135707  256
132856  256
147949  256
140434  256
132499  256
137185  256
133921  256
147422  256
130844  257
136358  257
137490  257
143429  257
137379  257
135951  257
131270  257
136984  257
139526  257
131454  257
137069  258
144871  258
142258  258
147462  258
139067  258
136060  258
132405  258
140509  258
144329  258
139150  258
137373  259
133742  259
134830  259
133173  259
134768  259
140493  259
145040  259
134948  259
140840  259
134427  259
141969  260
144416  260
148773  260
148450  260
135353  260
141834  260
135172  260
138177  260
133849  260
149616  260
135291  261
153668  261
135519  261
133931  261
134513  261
144326  261
148608  261
137431  261
135213  261
147135  261
147446  262
144019  262
142836  262
142123  262
142532  262
147303  262
133338  262
136819  262
136830  262
136215  262
154042  263
137238  263
143168  263
144516  263
152241  263
145110  263
136921  263
140108  263
136433  263
155430  263
142732  264
137481  264
142005  264
138753  264
144359  264
142266  264
137256  264
138639  264
145994  264
140471  264
137416  265
139220  265
141991  265
170051  265
137810  265
148906  265
137561  265
165110  265
138467  265
137458  265
142955  266
146138  266
157440  266
137648  266
138466  266
137208  266
138236  266
139286  266
137566  266
145576  266
139238  267
142563  267
138752  267
138736  267
140051  267
158010  267
150156  267
144993  267
144331  267
145101  267
158827  268
145771  268
146621  268
144940  268
138233  268
140535  268
145865  268
144670  268
149185  268
152401  268
142427  269
145720  269
146538  269
147186  269
141049  269
150674  269
147124  269
143452  269
145347  269
139440  269
144465  270
140616  270
142341  270
139685  270
153660  270
152198  270
148933  270
156386  270
153682  270
140731  270
146303  271
147268  271
140888  271
142718  271
142663  271
162120  271
141877  271
143039  271
143912  271
144553  271
159621  272
157700  272
147731  272
149520  272
153476  272
142491  272
149682  272
157583  272
148921  272
144865  272
148746  273
151951  273
158950  273
161253  273
149202  273
143841  273
163288  273
146943  273
150437  273
141523  273
145241  274
151548  274
143461  274
150068  274
152215  274
145668  274
155367  274
144552  274
147982  274
152173  274
148454  275
150507  275
152071  275
154692  275
161557  275
152056  275
146164  275
148464  275
154192  275
167061  275
149398  276
160536  276
160161  276
168852  276
153225  276
151625  276
152938  276
159197  276
156285  276
143871  276
148387  277
155206  277
160622  277
159624  277
144117  277
149142  277
161011  277
145164  277
173757  277
164802  277
160284  278
147965  278
147483  278
160703  278
152925  278
146853  278
155762  278
151508  278
157803  278
145679  278
148772  279
155069  279
166072  279
154450  279
154680  279
152101  279
166489  279
163996  279
150555  279
148905  279
149461  280
157677  280
167396  280
153267  280
169238  280
162127  280
162921  280
155142  280
163424  280
152259  280
149765  281
148728  281
149549  281
151200  281
163657  281
157652  281
175976  281
160041  281
151785  281
156537  281
147924  282
160926  282
155531  282
158563  282
155639  282
150989  282
163601  282
156184  282
162054  282
166814  282
157605  283
150052  283
158177  283
166919  283
158184  283
150856  283
155188  283
164146  283
184050  283
149320  283
159627  284
164448  284
164345  284
164776  284
157035  284
169652  284
176910  284
151715  284
164408  284
168870  284
166289  285
149918  285
151026  285
161886  285
164684  285
158207  285
161204  285
173292  285
163754  285
156829  285
176628  286
160241  286
156388  286
154215  286
149957  286
175511  286
162075  286
153400  286
167348  286
255708  286
172435  287
159924  287
166423  287
163335  287
168113  287
152951  287
154333  287
153129  287
168663  287
172396  287
169326  288
167133  288
176942  288
162410  288
178024  288
171654  288
175222  288
163587  288
159600  288
175703  288
162946  289
162522  289
152471  289
165104  289
152493  289
166573  289
163269  289
165053  289
164964  289
163570  289
161812  290
155763  290
157640  290
163124  290
152889  290
158324  290
158111  290
153776  290
153979  290
173588  290
154660  291
163493  291
163561  291
156268  291
169239  291
185537  291
172826  291
169722  291
166451  291
173084  291
154688  292
158695  292
186784  292
166473  292
156188  292
182951  292
164892  292
163009  292
172652  292
183678  292
157811  293
166900  293
160744  293
177966  293
164695  293
174503  293
170512  293
178368  293
167473  293
172608  293
177311  294
156505  294
166942  294
169438  294
168372  294
179931  294
164765  294
158319  294
163554  294
158086  294
159636  295
179246  295
181131  295
160613  295
177219  295
167825  295
173923  295
170357  295
166816  295
168687  295
173578  296
174554  296
157913  296
174552  296
170886  296
178885  296
173951  296
161867  296
160055  296
159616  296
166491  297
174885  297
189086  297
166817  297
175754  297
172407  297
160250  297
180626  297
178224  297
169036  297
162863  298
177255  298
171318  298
161619  298
162440  298
177278  298
172466  298
171658  298
180244  298
170889  298
180899  299
170092  299
162206  299
163544  299
188454  299
161605  299
172020  299
163254  299
173909  299
177103  299
173928  300
176572  300
173303  300
173472  300
170814  300
174565  300
182905  300
171237  300
163173  300
194847  300
