62  9
49  9
49  9
49  9
53  9
52  9
61  9
60  9
70  9
69  9
94  10
93  10
76  10
74  10
74  10
87  10
86  10
96  10
107  10
100  10
154  11
154  11
142  11
146  11
132  11
109  11
109  11
109  11
108  11
135  11
164  12
162  12
194  12
195  12
203  12
180  12
151  12
148  12
188  12
213  12
222  13
199  13
219  13
196  13
199  13
196  13
196  13
250  13
247  13
195  13
256  14
297  14
298  14
255  14
253  14
255  14
253  14
252  14
253  14
252  14
314  15
316  15
368  15
370  15
396  15
445  15
446  15
313  15
322  15
358  15
386  16
381  16
521  16
482  16
389  16
382  16
409  16
409  16
386  16
386  16
581  17
559  17
460  17
459  17
587  17
622  17
600  17
614  17
677  17
563  17
609  18
595  18
721  18
674  18
544  18
639  18
634  18
642  18
735  18
753  18
957  19
972  19
631  19
631  19
783  19
632  19
633  19
743  19
746  19
771  19
919  20
727  20
731  20
827  20
834  20
886  20
889  20
733  20
740  20
894  20
1094  21
1047  21
1134  21
1138  21
1187  21
1250  21
1199  21
834  21
835  21
976  21
1149  22
1211  22
1211  22
1012  22
948  22
1127  22
950  22
959  22
989  22
979  22
1168  23
1198  23
1074  23
1065  23
1063  23
1069  23
1186  23
1181  23
1293  23
1291  23
1497  24
1199  24
1207  24
1186  24
1310  24
1324  24
1209  24
1198  24
1192  24
1198  24
1334  25
1409  25
1561  25
1665  25
1328  25
1552  25
1335  25
1325  25
1559  25
1556  25
1414  26
1632  26
1731  26
1779  26
1669  26
1465  26
1466  26
1484  26
1473  26
1530  26
1637  27
1777  27
1769  27
1611  27
1777  27
1827  27
1608  27
1661  27
1626  27
1609  27
1763  28
1776  28
1780  28
1775  28
1772  28
1962  28
2090  28
1769  28
1778  28
1776  28
2109  29
1930  29
1923  29
2018  29
2135  29
2198  29
2310  29
1935  29
1937  29
1930  29
2091  30
2131  30
2233  30
2116  30
2148  30
2398  30
2375  30
2103  30
2223  30
15887  30
2373  31
2769  31
2627  31
2212  31
2509  31
1682  31
2674  31
2605  31
2567  31
2301  31
2471  32
2556  32
2469  32
2703  32
2460  32
2598  32
2612  32
2778  32
2508  32
2472  32
2654  33
2661  33
3059  33
2910  33
3097  33
3089  33
2669  33
2677  33
2653  33
2914  33
2912  34
3193  34
3081  34
3051  34
2865  34
3241  34
2987  34
2868  34
3152  34
3167  34
3048  35
3055  35
3045  35
3118  35
3164  35
3447  35
4258  35
3171  35
3065  35
3482  35
3678  36
3257  36
3978  36
3591  36
3279  36
3269  36
3356  36
3536  36
3404  36
3278  36
3518  37
3467  37
3498  37
3510  37
3652  37
3759  37
3761  37
3742  37
3956  37
3981  37
4062  38
3896  38
3706  38
3738  38
4018  38
3940  38
4160  38
4114  38
4299  38
4271  38
4519  39
4286  39
4079  39
3997  39
6180  39
4616  39
4205  39
4057  39
3966  39
3970  39
4260  40
4562  40
4613  40
4474  40
4372  40
4268  40
4210  40
4209  40
4345  40
7678  40
8533  41
4968  41
4998  41
5483  41
5195  41
4933  41
4718  41
4728  41
4818  41
5033  41
5454  42
5213  42
4924  42
4867  42
5257  42
5232  42
5261  42
5688  42
5358  42
5139  42
5298  43
5310  43
5598  43
5269  43
5450  43
5490  43
5388  43
5097  43
5133  43
5861  43
5892  44
5560  44
5441  44
5243  44
5231  44
5300  44
5920  44
5863  44
5785  44
5791  44
5960  45
5760  45
6249  45
5961  45
5672  45
5847  45
6957  45
6399  45
6014  45
5768  45
5771  46
6306  46
6854  46
6620  46
6109  46
5876  46
6492  46
7215  46
6568  46
6407  46
6282  47
6117  47
6808  47
7151  47
7461  47
7253  47
6736  47
6362  47
6491  47
7546  47
7610  48
6928  48
6884  48
7408  48
7053  48
8779  48
7098  48
7171  48
6956  48
7191  48
7558  49
7610  49
8021  49
7992  49
7478  49
7768  49
7606  49
7732  49
7579  49
7453  49
7210  50
7509  50
7707  50
8022  50
7512  50
7232  50
7505  50
7277  50
7659  50
8455  50
8067  51
7720  51
7445  51
7450  51
7851  51
7792  51
8111  51
8279  51
8315  51
8220  51
8690  52
8112  52
9205  52
8847  52
8475  52
8472  52
8672  52
8661  52
8395  52
8590  52
9245  53
10486  53
9552  53
8861  53
10695  53
9162  53
9570  53
10457  53
8637  53
8768  53
9351  54
10042  54
14108  54
9753  54
9108  54
9497  54
10078  54
9452  54
8623  54
8584  54
9209  55
10059  55
10459  55
9852  55
9115  55
10007  55
9917  55
9303  55
9149  55
9294  55
9656  56
9871  56
9677  56
9841  56
9411  56
10691  56
9844  56
9570  56
9872  56
9725  56
10239  57
11257  57
11149  57
10248  57
10463  57
10862  57
10793  57
10270  57
9766  57
11440  57
10530  58
11878  58
10703  58
9155  58
11132  58
10419  58
10705  58
10920  58
10679  58
11734  58
13804  59
11641  59
11299  59
11922  59
10798  59
11531  59
11861  59
10889  59
10892  59
12355  59
13111  60
11658  60
11069  60
11781  60
11248  60
11546  60
11801  60
10979  60
11864  60
12548  60
13180  61
12494  61
11762  61
12133  61
11406  61
12139  61
11840  61
13483  61
12958  61
11946  61
12672  62
13334  62
12079  62
12095  62
12525  62
12578  62
13208  62
14640  62
12606  62
13574  62
13334  63
12744  63
14248  63
13750  63
12881  63
15912  63
13494  63
13212  63
13245  63
12819  63
13165  64
13295  64
13511  64
13489  64
13244  64
14420  64
14551  64
14720  64
14161  64
15090  64
13831  65
13637  65
15041  65
14953  65
15338  65
14594  65
14645  65
14333  65
13825  65
13419  65
14293  66
14430  66
14822  66
16197  66
15369  66
13818  66
15113  66
15047  66
16665  66
16716  66
15096  67
29538  67
15497  67
15422  67
16667  67
16070  67
15953  67
15579  67
14394  67
15331  67
16158  68
15292  68
15103  68
15991  68
15350  68
15629  68
16730  68
15733  68
15173  68
15923  68
17863  69
16149  69
16072  69
15642  69
16039  69
15552  69
16883  69
16481  69
16164  69
16200  69
20700  70
17438  70
17313  70
16648  70
16132  70
17761  70
17296  70
17287  70
16728  70
17199  70
18000  71
18534  71
17986  71
18285  71
17524  71
17480  71
17582  71
17335  71
17691  71
16295  71
17372  72
19084  72
18420  72
16916  72
17531  72
18107  72
18487  72
17342  72
19658  72
17448  72
21390  73
18091  73
19512  73
18660  73
19420  73
18031  73
19909  73
19118  73
25858  73
18747  73
19424  74
18647  74
20460  74
20870  74
20071  74
20322  74
19897  74
19180  74
18884  74
18529  74
19646  75
19209  75
19054  75
19861  75
19910  75
20210  75
20265  75
20765  75
20076  75
19217  75
20568  76
20443  76
21571  76
23237  76
20264  76
21154  76
20338  76
27739  76
26251  76
22323  76
22073  77
21057  77
20550  77
20918  77
20950  77
21451  77
21072  77
20410  77
20890  77
21697  77
21484  78
21143  78
21543  78
22004  78
20887  78
21362  78
21880  78
23618  78
24284  78
22621  78
22108  79
24209  79
24289  79
23557  79
22376  79
21994  79
24207  79
23129  79
22033  79
22086  79
22352  80
23539  80
23412  80
23467  80
23367  80
23257  80
22156  80
24839  80
22565  80
22696  80
23522  81
23176  81
24140  81
27050  81
24230  81
26492  81
26743  81
25044  81
25847  81
26557  81
27793  82
23566  82
23642  82
23583  82
24725  82
23996  82
24158  82
24035  82
23805  82
23589  82
24858  83
25339  83
24703  83
26589  83
26491  83
24734  83
25008  83
24493  83
26187  83
27054  83
26051  84
27776  84
25285  84
30105  84
24903  84
26537  84
25591  84
25723  84
26042  84
26118  84
26358  85
26210  85
25941  85
26386  85
25425  85
26177  85
27744  85
26034  85
25747  85
25371  85
26247  86
28528  86
33997  86
27427  86
26729  86
29815  86
27311  86
26408  86
26167  86
26778  86
27271  87
27824  87
28018  87
29594  87
28840  87
27859  87
27347  87
27258  87
29639  87
28888  87
28491  88
27982  88
27681  88
32028  88
28751  88
30343  88
29866  88
29195  88
27948  88
29196  88
29832  89
29636  89
29051  89
29239  89
29071  89
29540  89
28838  89
30979  89
30465  89
34637  89
29701  90
31101  90
29664  90
30480  90
29249  90
33095  90
34589  90
31611  90
37582  90
32490  90
29780  91
30475  91
32335  91
31839  91
30094  91
30986  91
30702  91
30269  91
29728  91
30299  91
30455  92
31093  92
30214  92
33503  92
34939  92
32406  92
30775  92
33402  92
38410  92
36079  92
32687  93
33902  93
31298  93
33028  93
33022  93
33835  93
33688  93
34000  93
33561  93
33228  93
34556  94
34745  94
35163  94
33938  94
31691  94
32396  94
33671  94
38952  94
33960  94
32767  94
34039  95
34065  95
33663  95
33140  95
36258  95
33923  95
33225  95
36337  95
35577  95
34500  95
40468  96
37910  96
34368  96
34619  96
41288  96
34173  96
33538  96
36465  96
36314  96
36010  96
37381  97
37680  97
37164  97
37202  97
37315  97
37172  97
34558  97
35733  97
34697  97
36433  97
37684  98
41894  98
43464  98
40968  98
37860  98
37458  98
37668  98
38204  98
38043  98
35332  98
36312  99
35513  99
37039  99
37488  99
39430  99
37387  99
36854  99
40374  99
46110  99
37740  99
37387  100
38266  100
37890  100
37127  100
38064  100
38340  100
37434  100
38080  100
38059  100
37368  100
38816  101
37959  101
39979  101
42128  101
39008  101
42530  101
39220  101
37834  101
38033  101
39207  101
39919  102
39444  102
41770  102
38661  102
39916  102
39278  102
40106  102
41176  102
41476  102
43544  102
52284  103
50148  103
40903  103
39612  103
41425  103
43660  103
42532  103
43497  103
42304  103
42770  103
43586  104
44067  104
45650  104
40392  104
41178  104
43389  104
45350  104
42313  104
42096  104
42267  104
44065  105
41488  105
43066  105
42961  105
42000  105
41912  105
45096  105
40819  105
42594  105
44937  105
46247  106
49657  106
45383  106
44860  106
42515  106
43288  106
42755  106
45233  106
45588  106
42668  106
43829  107
48456  107
50844  107
44618  107
43842  107
50259  107
44563  107
42785  107
43188  107
43259  107
43484  108
44236  108
44574  108
45123  108
44603  108
45241  108
44858  108
45310  108
50482  108
44101  108
52166  109
45710  109
45921  109
45683  109
44988  109
45051  109
45305  109
45216  109
45167  109
45537  109
46391  110
47651  110
53456  110
48371  110
54070  110
50179  110
46530  110
49324  110
48656  110
48598  110
49940  111
46451  111
47129  111
47118  111
55774  111
48817  111
49650  111
56205  111
52385  111
50278  111
48648  112
47866  112
51011  112
51404  112
51538  112
51078  112
51124  112
55540  112
49424  112
50367  112
49817  113
53103  113
49765  113
53366  113
49601  113
51395  113
51127  113
50166  113
53416  113
50042  113
50671  114
53442  114
54815  114
52252  114
50796  114
53279  114
53503  114
50634  114
51545  114
52002  114
52561  115
52351  115
54037  115
51192  115
56179  115
57268  115
61148  115
54645  115
50586  115
51163  115
53307  116
52173  116
52264  116
52690  116
52373  116
52731  116
57372  116
53337  116
52750  116
55353  116
57361  117
53959  117
57444  117
57055  117
57381  117
55531  117
56189  117
59633  117
56009  117
53537  117
55447  118
62687  118
57206  118
53717  118
56372  118
55912  118
60610  118
54532  118
57245  118
59599  118
60937  119
60354  119
56140  119
55761  119
56262  119
56554  119
55993  119
55903  119
55528  119
55757  119
59161  120
56802  120
98180  120
69205  120
58582  120
58598  120
55869  120
57395  120
56755  120
56878  120
57399  121
57443  121
57597  121
59676  121
62515  121
60965  121
61466  121
57783  121
58450  121
58776  121
59781  122
58385  122
58083  122
63183  122
59905  122
62937  122
69544  122
63401  122
58392  122
58891  122
59441  123
60029  123
60024  123
61793  123
61272  123
61378  123
65145  123
70193  123
62540  123
60712  123
62415  124
61869  124
61992  124
61659  124
59933  124
65573  124
61723  124
59904  124
64915  124
64456  124
65231  125
65158  125
60343  125
61328  125
62603  125
62343  125
62721  125
62800  125
68685  125
66390  125
66543  126
65672  126
65875  126
61825  126
62917  126
64015  126
71527  126
69486  126
70567  126
63377  126
64090  127
67831  127
67899  127
63487  127
63447  127
62786  127
66454  127
67522  127
69500  127
63770  127
72859  128
64819  128
65308  128
64584  128
65653  128
66163  128
67379  128
66653  128
73288  128
71659  128
67306  129
65874  129
66822  129
66987  129
67151  129
66395  129
67715  129
68343  129
67579  129
66643  129
67475  130
67099  130
67528  130
68010  130
68089  130
67728  130
68789  130
68309  130
69846  130
71466  130
72606  131
72719  131
72668  131
71762  131
67845  131
72262  131
70187  131
72315  131
61942  131
67949  131
68741  132
70787  132
70677  132
70925  132
70796  132
74174  132
71350  132
76517  132
73246  132
73720  132
74683  133
69966  133
71225  133
71306  133
76853  133
70578  133
71518  133
70618  133
70049  133
69999  133
70648  134
72225  134
71431  134
72205  134
74580  134
73981  134
87253  134
74580  134
72958  134
71266  134
72715  135
71400  135
72960  135
74535  135
76912  135
79470  135
75706  135
72066  135
72270  135
71774  135
73321  136
72906  136
77364  136
80820  136
75800  136
74009  136
77952  136
73656  136
78512  136
77483  136
79065  137
79007  137
74048  137
96542  137
75515  137
74383  137
77657  137
76191  137
76409  137
79867  137
81644  138
78939  138
89463  138
77659  138
80863  138
75088  138
76836  138
78332  138
81917  138
78192  138
78061  139
82891  139
82479  139
81423  139
78417  139
79494  139
77318  139
76794  139
83406  139
92078  139
78764  140
77320  140
78345  140
83153  140
77864  140
78923  140
79430  140
81252  140
80067  140
84525  140
79489  141
79654  141
79725  141
79231  141
79653  141
86021  141
83436  141
89934  141
80182  141
79719  141
81869  142
82279  142
82176  142
82039  142
85514  142
84871  142
88837  142
79624  142
81061  142
85927  142
80624  143
81887  143
85970  143
83095  143
86670  143
82947  143
79919  143
82581  143
80822  143
86145  143
82460  144
95558  144
85945  144
90001  144
88306  144
83272  144
82197  144
87882  144
82721  144
93172  144
87667  145
91946  145
88317  145
82949  145
90331  145
84882  145
83509  145
84811  145
95369  145
84468  145
96913  146
86057  146
86853  146
89797  146
85092  146
91828  146
86830  146
88920  146
96354  146
88804  146
89914  147
84889  147
85710  147
91107  147
87110  147
92319  147
94118  147
85660  147
86597  147
92667  147
92913  148
88293  148
91735  148
94072  148
96373  148
88782  148
88069  148
87468  148
93143  148
93481  148
88610  149
95625  149
96935  149
89755  149
88522  149
89700  149
89384  149
89105  149
88959  149
90406  149
99558  150
92661  150
91476  150
95050  150
94490  150
90092  150
91292  150
91814  150
93346  150
99814  150
95736  151
89692  151
96323  151
95492  151
94709  151
93487  151
97049  151
102294  151
89377  151
95885  151
93852  152
94165  152
97088  152
103219  152
101051  152
92533  152
94042  152
92549  152
90938  152
95499  152
93097  153
98256  153
99890  153
93403  153
94369  153
96207  153
92686  153
96799  153
97709  153
99176  153
94113  154
95592  154
94528  154
95224  154
95187  154
97580  154
97351  154
94709  154
97786  154
96421  154
94864  155
98061  155
98287  155
98776  155
97546  155
95058  155
97194  155
95467  155
98115  155
96622  155
96821  156
95463  156
97459  156
96678  156
100577  156
99107  156
95426  156
95059  156
96323  156
99447  156
106368  157
97833  157
100362  157
101228  157
96358  157
100059  157
97854  157
96231  157
102589  157
101867  157
96903  158
102160  158
96593  158
97750  158
97816  158
97772  158
98985  158
101515  158
101576  158
96916  158
98595  159
99174  159
97837  159
104997  159
105899  159
102539  159
101472  159
99332  159
102111  159
102005  159
102137  160
100238  160
106421  160
99070  160
100012  160
102686  160
102207  160
107148  160
98804  160
112653  160
99824  161
99273  161
102056  161
103244  161
100627  161
106944  161
103653  161
104102  161
99836  161
99325  161
101209  162
105956  162
102410  162
105559  162
107109  162
99876  162
100893  162
104430  162
100295  162
106197  162
102217  163
106652  163
104627  163
101207  163
102565  163
103211  163
101621  163
104852  163
112120  163
105925  163
103872  164
103215  164
101614  164
103593  164
112146  164
112120  164
102832  164
103303  164
102908  164
103523  164
104171  165
112055  165
107920  165
104102  165
104158  165
102208  165
106592  165
104599  165
111607  165
107676  165
106714  166
105238  166
107977  166
107853  166
104476  166
112187  166
105684  166
105692  166
109164  166
103566  166
106573  167
108498  167
105422  167
106115  167
96233  167
107702  167
104277  167
103154  167
104540  167
113719  167
106991  168
107271  168
110217  168
105708  168
106100  168
110257  168
107805  168
112930  168
107064  168
104960  168
107179  169
106020  169
106653  169
113606  169
106560  169
108929  169
111853  169
105752  169
106847  169
107402  169
108789  170
108641  170
109027  170
108986  170
108143  170
107299  170
108670  170
109799  170
112960  170
106587  170
114248  171
114018  171
109309  171
110283  171
111801  171
113875  171
114623  171
107787  171
109843  171
109206  171
114257  172
112736  172
114587  172
109203  172
109684  172
110335  172
114809  172
115150  172
115705  172
118832  172
110656  173
107378  173
111042  173
111640  173
115652  173
114783  173
110181  173
115876  173
111535  173
111983  173
116800  174
112792  174
121816  174
112581  174
117338  174
117557  174
111295  174
116533  174
115377  174
116871  174
113714  175
110265  175
110724  175
115038  175
113866  175
121488  175
113730  175
114628  175
111284  175
115071  175
117601  176
114717  176
117742  176
111716  176
113547  176
111175  176
115094  176
113821  176
116927  176
113028  176
114746  177
114026  177
114139  177
113113  177
116353  177
117259  177
113669  177
118620  177
115503  177
111737  177
115103  178
120961  178
117740  178
118610  178
113711  178
117150  178
112148  178
114904  178
128282  178
120626  178
115636  179
116676  179
114144  179
121294  179
114847  179
122559  179
114632  179
117152  179
120675  179
114077  179
117500  180
130383  180
122114  180
117423  180
115580  180
116339  180
118989  180
119191  180
123793  180
124011  180
116020  181
116884  181
116431  181
128260  181
117637  181
115280  181
115445  181
115720  181
117192  181
126114  181
122659  182
115610  182
119093  182
117390  182
117846  182
123871  182
119150  182
120237  182
124706  182
119406  182
119525  183
125605  183
120875  183
118747  183
117902  183
120536  183
121105  183
121901  183
119232  183
125937  183
124420  184
119223  184
118331  184
118842  184
121694  184
128318  184
119662  184
119073  184
120306  184
119525  184
120439  185
130714  185
118801  185
127528  185
125847  185
126644  185
126251  185
124390  185
126670  185
120481  185
128506  186
128338  186
122062  186
122608  186
129475  186
121746  186
121688  186
120533  186
119942  186
123046  186
125405  187
121177  187
123861  187
127738  187
124536  187
129720  187
123382  187
121968  187
122141  187
121924  187
124059  188
124627  188
128934  188
123496  188
126409  188
122802  188
126810  188
131414  188
131952  188
122857  188
128339  189
124350  189
124505  189
128411  189
136356  189
126292  189
123678  189
127373  189
124817  189
132883  189
128020  190
125646  190
131211  190
124007  190
133457  190
128757  190
127635  190
126758  190
128119  190
131956  190
128506  191
131439  191
130080  191
124264  191
127856  191
128663  191
135225  191
131757  191
132476  191
132419  191
133225  192
125741  192
125839  192
133043  192
124634  192
126241  192
133326  192
127746  192
126166  192
132659  192
129668  193
131613  193
125629  193
129716  193
129668  193
127285  193
125903  193
127920  193
135081  193
135252  193
138649  194
127629  194
134254  194
130275  194
125610  194
128779  194
130936  194
135129  194
127507  194
126453  194
134424  195
128689  195
133991  195
130573  195
127836  195
127520  195
132406  195
137401  195
134900  195
136403  195
129599  196
133189  196
130615  196
139326  196
133414  196
129860  196
128696  196
131524  196
130786  196
141216  196
132345  197
132486  197
129531  197
134324  197
131355  197
131526  197
133100  197
135986  197
130044  197
137599  197
141216  198
133125  198
131165  198
130370  198
139176  198
136809  198
135538  198
131129  198
134028  198
136484  198
139328  199
143833  199
131940  199
131636  199
133165  199
134678  199
135726  199
143000  199
133741  199
136068  199
131615  200
131916  200
142500  200
129236  200
132926  200
130421  200
135829  200
141270  200
139618  200
139572  200
136840  201
137868  201
141152  201
136262  201
150905  201
135076  201
141565  201
141337  201
133872  201
140510  201
134534  202
139242  202
141978  202
136062  202
140082  202
137303  202
142803  202
139411  202
142654  202
136636  202
141377  203
135348  203
144333  203
135203  203
150253  203
140839  203
150113  203
137455  203
137773  203
144379  203
146901  204
145199  204
138745  204
149256  204
139142  204
139280  204
147974  204
138202  204
136990  204
139689  204
142738  205
150595  205
147190  205
144380  205
146130  205
142041  205
154059  205
144318  205
136980  205
139148  205
149268  206
142297  206
141003  206
147412  206
146330  206
147535  206
141005  206
142951  206
140091  206
142838  206
156821  207
155990  207
155519  207
142131  207
141247  207
141696  207
141470  207
150217  207
151059  207
142957  207
142571  208
154106  208
147308  208
149076  208
151574  208
142304  208
149573  208
154020  208
140920  208
144775  208
140348  209
142987  209
146666  209
150394  209
141491  209
139166  209
146752  209
151777  209
151464  209
139941  209
145609  210
147406  210
144050  210
145562  210
143634  210
147581  210
143378  210
145315  210
158028  210
152039  210
144643  211
148038  211
158726  211
143933  211
145085  211
146449  211
142648  211
153798  211
151174  211
143432  211
143882  212
144175  212
156662  212
147534  212
143559  212
153513  212
148139  212
143128  212
149517  212
147529  212
144451  213
155329  213
145775  213
149004  213
144737  213
148167  213
144416  213
148075  213
160087  213
149771  213
154716  214
147285  214
147057  214
148345  214
148476  214
146506  214
148252  214
152241  214
161756  214
150211  214
151287  215
148755  215
148102  215
149538  215
146987  215
146354  215
156463  215
148662  215
163254  215
146629  215
148362  216
157932  216
147793  216
161124  216
147718  216
151862  216
148260  216
158639  216
154901  216
158130  216
158437  217
148616  217
148895  217
155027  217
147204  217
152803  217
148439  217
150425  217
153915  217
157422  217
149267  218
153857  218
150893  218
161034  218
158401  218
150593  218
150046  218
142893  218
163953  218
158666  218
153800  219
162222  219
156218  219
155829  219
156209  219
148280  219
160732  219
164399  219
156855  219
149722  219
156022  220
153938  220
154598  220
161810  220
157364  220
153303  220
153236  220
154058  220
161589  220
151172  220
156968  221
154170  221
157609  221
151223  221
152875  221
158437  221
153644  221
162886  221
152367  221
162943  221
154619  222
169998  222
153040  222
158108  222
158147  222
166878  222
156664  222
162920  222
152891  222
158182  222
156477  223
152653  223
158640  223
160239  223
155250  223
162889  223
155908  223
158888  223
160020  223
167107  223
158686  224
168046  224
160954  224
162259  224
170034  224
155370  224
164474  224
171904  224
155927  224
171466  224
154674  225
166243  225
166875  225
158942  225
158024  225
156421  225
161918  225
160751  225
171791  225
154545  225
158080  226
160959  226
164770  226
169189  226
167793  226
157370  226
156847  226
168460  226
164304  226
156460  226
161569  227
159942  227
175660  227
160640  227
159049  227
159472  227
173699  227
161464  227
156954  227
168444  227
158867  228
173991  228
160740  228
160884  228
159074  228
160404  228
162827  228
159051  228
164962  228
158150  228
172421  229
162109  229
162514  229
170365  229
161469  229
170997  229
172075  229
160345  229
170405  229
173032  229
159707  230
172639  230
160126  230
160306  230
166634  230
166992  230
171400  230
160907  230
173637  230
161576  230
162713  231
171381  231
162758  231
181281  231
161626  231
167580  231
163416  231
173816  231
161373  231
171225  231
160857  232
163003  232
171803  232
162520  232
169067  232
163604  232
176753  232
176069  232
165287  232
167927  232
164118  233
174830  233
164230  233
163236  233
175732  233
167975  233
175108  233
163108  233
173495  233
163220  233
141959  234
166375  234
175837  234
166150  234
169922  234
176595  234
173159  234
164012  234
165310  234
170683  234
177004  235
165738  235
174865  235
171698  235
166869  235
174123  235
177848  235
166455  235
167524  235
172591  235
166828  236
169213  236
172271  236
167364  236
167526  236
182651  236
185553  236
166761  236
166277  236
177798  236
178681  237
178342  237
168769  237
182059  237
168805  237
175478  237
169663  237
176572  237
175653  237
186814  237
169856  238
180930  238
178934  238
172069  238
170329  238
169278  238
181343  238
169087  238
171879  238
171521  238
177525  239
186249  239
187077  239
176954  239
180939  239
171272  239
179040  239
181911  239
169567  239
170877  239
188385  240
185549  240
173068  240
185568  240
188121  240
177641  240
184447  240
171493  240
179549  240
173186  240
185240  241
182790  241
173578  241
185603  241
170600  241
172087  241
175878  241
177813  241
170864  241
171329  241
177399  242
176659  242
185967  242
182416  242
172453  242
190061  242
174514  242
181626  242
172708  242
192363  242
174071  243
181263  243
184714  243
177654  243
175521  243
173152  243
187074  243
176858  243
176645  243
180713  243
173201  244
177048  244
191262  244
176464  244
188903  244
180320  244
178598  244
175902  244
186646  244
177098  244
181779  245
175808  245
188389  245
179204  245
181175  245
183147  245
186123  245
177485  245
180016  245
184808  245
178047  246
193099  246
198742  246
178639  246
185113  246
177448  246
196631  246
175006  246
176915  246
186019  246
183921  247
186400  247
178070  247
177794  247
198357  247
176529  247
180094  247
192615  247
183325  247
178070  247
195234  248
179595  248
182862  248
181388  248
187520  248
180067  248
196127  248
181158  248
179399  248
193046  248
188307  249
188800  249
179682  249
195637  249
185620  249
180783  249
181791  249
181573  249
201073  249
182263  249
180966  250
183079  250
186874  250
184582  250
182236  250
192602  250
187138  250
195238  250
190990  250
197523  250
204320  251
196745  251
182413  251
193710  251
186784  251
183266  251
195450  251
185812  251
190894  251
190224  251
183804  252
200430  252
185111  252
183814  252
191092  252
198531  252
192369  252
183517  252
183234  252
199175  252
199219  253
199940  253
184483  253
203527  253
198959  253
192184  253
184405  253
189836  253
185672  253
183320  253
187560  254
208760  254
198173  254
198348  254
200995  254
201033  254
184722  254
198531  254
204339  254
201033  254
187829  255
186660  255
188913  255
200471  255
187111  255
194096  255
210425  255
186273  255
200444  255
186979  255
205673  256
203305  256
196562  256
196755  256
208338  256
186416  256
187864  256
198377  256
202400  256
188288  256
203674  257
202353  257
186676  257
203870  257
192684  257
193062  257
188144  257
201131  257
204547  257
192708  257
202832  258
190071  258
204359  258
192682  258
188251  258
197344  258
192533  258
205811  258
192416  258
206047  258
195730  259
206471  259
191839  259
193196  259
207243  259
192512  259
192359  259
195347  259
206000  259
190654  259
193413  260
194811  260
193304  260
194065  260
203728  260
196343  260
192635  260
198795  260
206245  260
195929  260
202233  261
208768  261
197271  261
194856  261
193546  261
206173  261
197630  261
208640  261
192119  261
202822  261
197301  262
195160  262
209785  262
214805  262
209847  262
193378  262
194539  262
200825  262
196643  262
194689  262
196236  263
212007  263
209910  263
195773  263
211018  263
206298  263
194629  263
208574  263
214276  263
209223  263
212188  264
199859  264
196383  264
196852  264
204469  264
199271  264
196507  264
208435  264
195084  264
215696  264
197808  265
195781  265
213029  265
209837  265
197618  265
194842  265
218754  265
208897  265
197758  265
209620  265
201913  266
202812  266
198070  266
220710  266
210701  266
213775  266
201905  266
213116  266
213542  266
197454  266
202856  267
208735  267
213994  267
200852  267
218116  267
198921  267
201025  267
201502  267
210618  267
199759  267
216016  268
204926  268
214298  268
214503  268
202066  268
201930  268
201118  268
199986  268
221209  268
212272  268
201419  269
203877  269
220541  269
202568  269
202775  269
210469  269
200550  269
209159  269
220318  269
210330  269
203866  270
202076  270
218968  270
205556  270
223533  270
219077  270
210003  270
202222  270
203834  270
206575  270
204427  271
205582  271
219695  271
209798  271
216373  271
220234  271
223146  271
205194  271
202715  271
206774  271
227384  272
207067  272
222274  272
211705  272
220899  272
218754  272
208259  272
222384  272
206781  272
205741  272
227550  273
208475  273
216954  273
222710  273
219974  273
207828  273
206324  273
209731  273
207430  273
217542  273
214985  274
209551  274
218063  274
220821  274
213271  274
206512  274
220723  274
231514  274
220084  274
206551  274
225661  275
209910  275
208719  275
209691  275
218508  275
223009  275
221631  275
215030  275
209336  275
209764  275
230592  276
212060  276
212847  276
211712  276
230632  276
214774  276
212179  276
217106  276
224275  276
210485  276
223330  277
215693  277
226972  277
212183  277
220500  277
211560  277
211687  277
223999  277
215386  277
210520  277
222537  278
233998  278
224456  278
212211  278
233204  278
215308  278
213620  278
226336  278
216740  278
228094  278
225475  279
217846  279
214128  279
230010  279
219227  279
214851  279
230713  279
217379  279
213876  279
229911  279
230150  280
239485  280
217981  280
215512  280
226461  280
230014  280
216055  280
219373  280
226327  280
213594  280
222998  281
220724  281
216005  281
233543  281
219619  281
230922  281
217964  281
220482  281
216978  281
226030  281
234146  282
222904  282
217790  282
234491  282
223650  282
226018  282
233817  282
225803  282
217582  282
232341  282
245189  283
219539  283
235762  283
237068  283
236411  283
234516  283
220610  283
217391  283
217008  283
234523  283
224502  284
230569  284
235275  284
243227  284
220107  284
230503  284
223454  284
219003  284
235069  284
220280  284
221965  285
229770  285
220712  285
241362  285
233306  285
221036  285
242463  285
221289  285
221205  285
240554  285
240343  286
227508  286
244618  286
240722  286
225354  286
237641  286
229014  286
238848  286
223687  286
231117  286
224040  287
240720  287
247858  287
226234  287
235367  287
231511  287
237771  287
241922  287
226068  287
240396  287
242007  288
243038  288
238889  288
241073  288
243961  288
226585  288
222809  288
230916  288
247965  288
245889  288
228322  289
235763  289
243937  289
243276  289
231745  289
228093  289
241642  289
229290  289
238016  289
243288  289
235627  290
226665  290
244238  290
231453  290
229563  290
236938  290
232598  290
255579  290
242211  290
251891  290
249740  291
237531  291
256207  291
237888  291
248958  291
234879  291
230017  291
248236  291
235938  291
247050  291
247084  292
247362  292
231474  292
247565  292
253426  292
231639  292
246932  292
259552  292
232407  292
245144  292
250076  293
247690  293
232587  293
232341  293
233011  293
231007  293
246071  293
243716  293
257120  293
239876  293
245684  294
258567  294
248304  294
251914  294
235838  294
249545  294
233961  294
250199  294
254802  294
254032  294
252312  295
244647  295
237648  295
234018  295
243185  295
252331  295
235120  295
246256  295
238330  295
249463  295
239895  296
237418  296
237445  296
254377  296
235061  296
250298  296
259789  296
237008  296
249413  296
238927  296
235882  297
245824  297
261241  297
238164  297
255311  297
243906  297
251065  297
252639  297
239927  297
237632  297
252556  298
242588  298
237982  298
255704  298
261222  298
256499  298
254475  298
264044  298
235924  298
252956  298
262879  299
255076  299
239271  299
243453  299
251778  299
238854  299
244244  299
252394  299
239085  299
260277  299
257589  300
241300  300
248042  300
239378  300
260503  300
261392  300
255108  300
246217  300
240524  300
251795  300
