229  5
175  5
178  5
206  5
198  5
185  5
181  5
182  5
241  5
244  5
308  6
289  6
299  6
322  6
186  6
220  6
210  6
210  6
210  6
282  6
283  7
282  7
266  7
276  7
276  7
285  7
297  7
368  7
348  7
300  7
245  8
229  8
257  8
261  8
259  8
221  8
247  8
253  8
223  8
302  8
348  9
317  9
286  9
237  9
238  9
238  9
242  9
288  9
336  9
332  9
420  10
368  10
330  10
278  10
261  10
324  10
322  10
320  10
364  10
498  10
302  11
285  11
353  11
355  11
400  11
384  11
374  11
358  11
286  11
343  11
365  12
369  12
413  12
411  12
455  12
431  12
328  12
316  12
314  12
336  12
347  13
418  13
418  13
469  13
508  13
447  13
425  13
423  13
456  13
479  13
625  14
449  14
399  14
401  14
381  14
376  14
434  14
319  14
481  14
587  14
624  15
495  15
521  15
315  15
458  15
574  15
507  15
524  15
536  15
552  15
579  16
485  16
489  16
558  16
647  16
615  16
444  16
462  16
620  16
609  16
616  17
613  17
504  17
509  17
496  17
514  17
565  17
628  17
593  17
777  17
679  18
663  18
770  18
612  18
528  18
555  18
535  18
586  18
531  18
531  18
642  19
628  19
622  19
586  19
652  19
586  19
703  19
578  19
582  19
680  19
748  20
729  20
631  20
629  20
646  20
632  20
711  20
634  20
703  20
765  20
853  21
844  21
795  21
794  21
716  21
715  21
966  21
818  21
844  21
919  21
1203  22
2863  22
1091  22
6825  22
2029  22
791  22
831  22
2746  22
3244  22
1144  22
2451  23
2343  23
3009  23
1477  23
811  23
4701  23
3415  23
1635  23
1327  23
3237  23
2990  24
1479  24
2291  24
2462  24
3016  24
1081  24
2842  24
6641  24
1920  24
2982  24
1597  25
947  25
5296  25
3624  25
1310  25
2172  25
2730  25
1578  25
933  25
1004  25
1797  26
2583  26
1951  26
2034  26
1267  26
1001  26
978  26
1518  26
1954  26
1227  26
1276  27
1996  27
2426  27
1097  27
5991  27
1095  27
8959  27
1073  27
1074  27
2389  27
1569  28
1766  28
1132  28
2629  28
7177  28
1168  28
1688  28
1188  28
7622  28
2460  28
1360  29
3788  29
1244  29
3453  29
1221  29
1506  29
2359  29
3370  29
1226  29
1239  29
1449  30
1393  30
6518  30
1411  30
2426  30
2358  30
1508  30
1514  30
7603  30
1337  30
1385  31
1377  31
2592  31
1519  31
5609  31
2506  31
1437  31
5466  31
1664  31
1922  31
1660  32
1613  32
1558  32
1602  32
1484  32
5391  32
4032  32
1450  32
1618  32
1687  32
3409  33
5150  33
1593  33
1691  33
1715  33
1915  33
1835  33
1903  33
1882  33
1666  33
1720  34
2101  34
2903  34
1909  34
3048  34
2881  34
1858  34
1632  34
3964  34
3545  34
1890  35
2565  35
1946  35
1710  35
1708  35
2155  35
2126  35
2143  35
2890  35
1868  35
1894  36
1877  36
4892  36
1966  36
1983  36
2043  36
2123  36
1903  36
1841  36
1931  36
2011  37
1987  37
2168  37
1926  37
2353  37
6537  37
1906  37
1988  37
2193  37
1981  37
7486  38
2211  38
2154  38
3216  38
2180  38
2265  38
2196  38
3901  38
3904  38
2676  38
2128  39
7530  39
4168  39
6069  39
7430  39
7134  39
2519  39
3578  39
2867  39
2264  39
5062  40
2470  40
3266  40
2286  40
2476  40
4928  40
2447  40
3797  40
2935  40
2281  40
2606  41
2385  41
2322  41
6180  41
6475  41
2728  41
2716  41
2515  41
2469  41
3094  41
2582  42
6808  42
2639  42
5659  42
2636  42
2527  42
2584  42
3033  42
2925  42
2742  42
3344  43
2735  43
2541  43
4028  43
2636  43
2620  43
3310  43
2829  43
3154  43
4098  43
3008  44
2949  44
3133  44
3039  44
3132  44
3353  44
2997  44
2895  44
3024  44
7425  44
3050  45
2865  45
6829  45
2793  45
2854  45
2860  45
3026  45
3356  45
3419  45
3024  45
3068  46
3130  46
3650  46
3465  46
3272  46
3160  46
3470  46
3135  46
3361  46
3590  46
3271  47
3186  47
3205  47
3902  47
3679  47
3525  47
3290  47
3180  47
3077  47
7415  47
3419  48
3526  48
3412  48
3325  48
6986  48
3939  48
7449  48
3682  48
3564  48
3562  48
7270  49
3849  49
3597  49
3476  49
3408  49
4136  49
6133  49
3628  49
4869  49
3563  49
4062  50
3889  50
6273  50
4484  50
6065  50
3639  50
3755  50
3635  50
3859  50
3680  50
3786  51
3773  51
7358  51
4471  51
4222  51
4062  51
3767  51
4050  51
3777  51
7113  51
4327  52
4039  52
3969  52
4113  52
5456  52
4489  52
6055  52
7158  52
3902  52
3917  52
4831  53
4510  53
4257  53
4120  53
4199  53
4790  53
4480  53
5030  53
4534  53
4195  53
4441  54
4111  54
4318  54
4602  54
5105  54
4358  54
4253  54
4104  54
4121  54
4137  54
7216  55
4545  55
4514  55
7156  55
5034  55
4817  55
7352  55
5493  55
4767  55
4512  55
4505  56
4604  56
4708  56
4667  56
4532  56
5146  56
5167  56
4900  56
4658  56
4648  56
5182  57
4897  57
5283  57
4971  57
4875  57
4893  57
5020  57
7097  57
5193  57
4699  57
4998  58
5351  58
5125  58
5080  58
4881  58
5040  58
5207  58
5034  58
4787  58
4845  58
5213  59
5223  59
5092  59
5910  59
5551  59
5180  59
5022  59
5026  59
5955  59
7839  59
6150  60
5376  60
5641  60
5729  60
5548  60
5997  60
5376  60
5295  60
7084  60
6036  60
5721  61
6052  61
7886  61
5749  61
5759  61
6088  61
6236  61
5600  61
5577  61
7691  61
6066  62
6717  62
6897  62
5752  62
6440  62
5918  62
6009  62
6047  62
7542  62
5511  62
5989  63
6142  63
5971  63
6189  63
5763  63
7307  63
6982  63
6075  63
5960  63
6625  63
6349  64
6101  64
5895  64
6245  64
6140  64
6095  64
6392  64
6743  64
7120  64
6551  64
7147  65
6906  65
6772  65
6484  65
6200  65
6122  65
8371  65
6853  65
6731  65
6818  65
6342  66
6954  66
7199  66
7398  66
7309  66
6457  66
7014  66
8097  66
6693  66
6301  66
8560  67
7168  67
7041  67
7204  67
6688  67
7724  67
7210  67
6750  67
6496  67
6967  67
7209  68
7152  68
7177  68
9006  68
7517  68
7482  68
7915  68
6902  68
7914  68
7536  68
7886  69
7495  69
7560  69
7794  69
7610  69
9756  69
7530  69
7899  69
7850  69
7775  69
7690  70
8159  70
7921  70
8215  70
7725  70
7810  70
7686  70
8611  70
7603  70
7222  70
9169  71
7701  71
8549  71
8422  71
7586  71
7360  71
8539  71
7695  71
9290  71
7819  71
8260  72
8323  72
8422  72
8039  72
7698  72
8572  72
8660  72
7897  72
7372  72
8285  72
9240  73
8482  73
8737  73
8827  73
8806  73
8709  73
8667  73
8901  73
8372  73
8556  73
8869  74
10511  74
8586  74
9019  74
8847  74
9148  74
8655  74
8412  74
8109  74
8778  74
9280  75
9015  75
9191  75
12349  75
8990  75
9547  75
10638  75
10802  75
8480  75
8450  75
8932  76
8415  76
9613  76
9700  76
8631  76
9002  76
9846  76
8901  76
9005  76
8983  76
11881  77
9817  77
9525  77
8606  77
13236  77
11394  77
8991  77
9134  77
9126  77
9916  77
10080  78
9852  78
9061  78
9287  78
10170  78
10089  78
9398  78
9588  78
9808  78
9276  78
10435  79
9522  79
9847  79
10470  79
10026  79
10060  79
9318  79
9344  79
9962  79
9735  79
13047  80
12805  80
12460  80
12441  80
9625  80
9845  80
9594  80
10550  80
10431  80
11430  80
9724  81
10016  81
9579  81
10313  81
9856  81
10379  81
9982  81
9992  81
10420  81
10582  81
11280  82
11034  82
10704  82
10628  82
10847  82
10888  82
10928  82
10554  82
10200  82
12035  82
16433  83
11775  83
14653  83
10883  83
10295  83
13483  83
10518  83
10425  83
10544  83
10571  83
11097  84
11197  84
11966  84
11020  84
10667  84
10874  84
10835  84
11365  84
11252  84
11399  84
11022  85
11400  85
11647  85
11676  85
12049  85
11183  85
10887  85
11220  85
10587  85
11775  85
11176  86
12104  86
12190  86
11931  86
12543  86
11718  86
11244  86
12628  86
11259  86
13100  86
11279  87
13728  87
11819  87
11460  87
12440  87
13000  87
11133  87
11493  87
13089  87
12876  87
11534  88
11446  88
12286  88
11762  88
12022  88
11986  88
12884  88
11558  88
11939  88
11977  88
13084  89
12908  89
12802  89
11772  89
12377  89
12092  89
12890  89
13202  89
13288  89
16263  89
12543  90
13962  90
13836  90
16708  90
12332  90
12490  90
12870  90
13609  90
13047  90
12249  90
13096  91
13718  91
13365  91
13749  91
13154  91
13233  91
12995  91
14308  91
13205  91
13025  91
13861  92
13353  92
13209  92
13626  92
14094  92
13803  92
13123  92
15872  92
13818  92
15902  92
13762  93
13253  93
13951  93
13570  93
16608  93
13630  93
13385  93
14048  93
14014  93
14759  93
13646  94
13930  94
13980  94
13857  94
13986  94
13554  94
13921  94
13720  94
14400  94
14409  94
14420  95
14420  95
14310  95
14127  95
14381  95
14237  95
17993  95
14180  95
17305  95
14861  95
14816  96
13284  96
16934  96
17960  96
14590  96
15125  96
14266  96
13807  96
15883  96
14035  96
14645  97
14617  97
14537  97
14790  97
14383  97
14783  97
14767  97
15274  97
15424  97
15487  97
16975  98
14922  98
14669  98
15238  98
16063  98
17821  98
14510  98
16260  98
14957  98
16955  98
20125  99
15401  99
18865  99
15392  99
15264  99
15477  99
16677  99
15443  99
15356  99
15531  99
15942  100
17015  100
15579  100
15740  100
15401  100
16903  100
16248  100
15473  100
17356  100
16626  100
16996  101
16370  101
17785  101
16032  101
16282  101
16005  101
18639  101
16663  101
16098  101
16373  101
16699  102
16033  102
16232  102
16525  102
17048  102
15761  102
17456  102
16732  102
16111  102
16450  102
18810  103
16729  103
16786  103
16460  103
18431  103
16509  103
17688  103
18317  103
16461  103
16919  103
18711  104
21485  104
17950  104
18313  104
17171  104
17699  104
18343  104
17878  104
17776  104
17571  104
17104  105
17102  105
19472  105
17111  105
16787  105
16771  105
20142  105
18397  105
23592  105
18864  105
17952  106
21080  106
19893  106
17788  106
18025  106
19177  106
18926  106
18002  106
18301  106
17960  106
17410  107
18137  107
18216  107
19258  107
18895  107
19681  107
18808  107
19501  107
19521  107
17516  107
18249  108
18587  108
20241  108
19631  108
22472  108
18464  108
20787  108
18700  108
18236  108
18412  108
18916  109
18794  109
20465  109
18338  109
18482  109
18691  109
18525  109
19771  109
18474  109
19198  109
20432  110
19558  110
18818  110
19330  110
19136  110
19234  110
19133  110
22622  110
27989  110
19850  110
19471  111
21262  111
20396  111
20650  111
20564  111
20313  111
18901  111
19563  111
18850  111
19541  111
19823  112
20098  112
20003  112
19622  112
23769  112
21395  112
20948  112
19596  112
19751  112
27265  112
20413  113
21805  113
19734  113
19942  113
20233  113
24818  113
21333  113
23863  113
20232  113
19922  113
21790  114
22609  114
20793  114
21519  114
20767  114
20323  114
20754  114
23399  114
23650  114
23838  114
29488  115
22652  115
20487  115
20334  115
20516  115
23105  115
20982  115
22781  115
20173  115
20628  115
22535  116
23081  116
21729  116
22706  116
28303  116
21653  116
22665  116
20781  116
20840  116
30613  116
24111  117
21277  117
23867  117
21193  117
23052  117
21153  117
22584  117
21209  117
22801  117
21459  117
23388  118
21657  118
23389  118
25067  118
22764  118
22402  118
22883  118
22076  118
29846  118
22927  118
22668  119
23141  119
23259  119
24377  119
22617  119
24564  119
22009  119
24686  119
22012  119
23054  119
21861  120
24467  120
22269  120
24864  120
23011  120
23599  120
22608  120
29696  120
22976  120
22704  120
23341  121
23503  121
24063  121
23500  121
23581  121
24874  121
24867  121
22985  121
23617  121
23157  121
24301  122
24192  122
27517  122
24739  122
23813  122
36328  122
26533  122
23877  122
23952  122
23949  122
23896  123
23805  123
23833  123
24394  123
24315  123
24268  123
23697  123
24161  123
24056  123
24766  123
24421  124
24789  124
26966  124
28399  124
24611  124
25133  124
25130  124
25719  124
25252  124
25326  124
30145  125
25598  125
26822  125
24377  125
25189  125
25503  125
29706  125
25958  125
27052  125
30585  125
39227  126
27315  126
26815  126
24823  126
25126  126
25525  126
25745  126
26111  126
25875  126
25785  126
26762  127
25452  127
27903  127
25787  127
28074  127
26481  127
27241  127
28125  127
28144  127
27829  127
28745  128
28462  128
28075  128
25662  128
25554  128
25983  128
26054  128
26830  128
26372  128
30470  128
27169  129
31741  129
29165  129
31240  129
26804  129
27170  129
27396  129
27179  129
27469  129
28303  129
29188  130
29503  130
27088  130
26571  130
27360  130
27387  130
27260  130
26576  130
26511  130
27108  130
28564  131
29100  131
27497  131
28075  131
27911  131
27422  131
27428  131
28380  131
27989  131
29745  131
30902  132
27953  132
31124  132
28665  132
34387  132
36148  132
30810  132
27722  132
30730  132
29042  132
29973  133
29476  133
31711  133
30216  133
30758  133
30397  133
29034  133
28419  133
29021  133
28518  133
32211  134
30965  134
29769  134
31511  134
31009  134
30845  134
31195  134
29252  134
29467  134
28799  134
29347  135
29993  135
30654  135
31154  135
34777  135
31366  135
32350  135
31997  135
31322  135
31306  135
32658  136
33759  136
30311  136
29967  136
30344  136
36519  136
30728  136
31286  136
29992  136
32755  136
35511  137
31006  137
33486  137
29782  137
29898  137
30156  137
30574  137
30487  137
30747  137
31624  137
34409  138
35290  138
32031  138
33926  138
31444  138
33796  138
32635  138
32549  138
33337  138
33005  138
33785  139
31903  139
31476  139
31801  139
33390  139
35528  139
33054  139
33199  139
32559  139
34251  139
33045  140
33449  140
33692  140
33783  140
33507  140
34084  140
34295  140
34137  140
34301  140
34498  140
32346  141
33108  141
32816  141
34973  141
32210  141
32944  141
32204  141
33382  141
35404  141
32485  141
35473  142
34230  142
34670  142
34725  142
38363  142
34130  142
34981  142
35524  142
34070  142
33768  142
35757  143
36312  143
36557  143
34757  143
33909  143
33138  143
35351  143
39427  143
35689  143
36050  143
34582  144
35100  144
34107  144
34687  144
35274  144
34175  144
34732  144
35014  144
35042  144
36862  144
42632  145
39521  145
37294  145
34889  145
37442  145
35477  145
34389  145
33326  145
34341  145
34611  145
37558  146
38157  146
35912  146
53934  146
37890  146
35879  146
35902  146
35392  146
41124  146
35293  146
35776  147
35118  147
34986  147
39083  147
36496  147
36304  147
39546  147
35188  147
36419  147
35415  147
39513  148
38968  148
37355  148
35573  148
36265  148
43558  148
36129  148
34781  148
40642  148
36863  148
37141  149
36028  149
37550  149
37157  149
36733  149
37682  149
36420  149
37076  149
38150  149
39065  149
37006  150
39860  150
39507  150
39630  150
39622  150
39810  150
39087  150
39083  150
36079  150
36993  150
38132  151
40261  151
38868  151
40112  151
40756  151
39691  151
39758  151
39654  151
39435  151
37020  151
37783  152
37126  152
37979  152
42952  152
37358  152
40536  152
40095  152
40374  152
39760  152
40734  152
40451  153
38380  153
38158  153
37324  153
42743  153
42371  153
37779  153
39120  153
38896  153
39436  153
39504  154
38601  154
43969  154
42416  154
39119  154
45231  154
43011  154
38729  154
41037  154
39602  154
41721  155
41959  155
39702  155
39532  155
39879  155
39745  155
42234  155
42631  155
39280  155
39677  155
47195  156
40293  156
42856  156
42347  156
40160  156
40295  156
39696  156
39780  156
40603  156
40595  156
40501  157
45499  157
43311  157
40599  157
40336  157
41815  157
41419  157
40491  157
41468  157
45941  157
43286  158
44212  158
48615  158
41218  158
40857  158
41539  158
42538  158
40283  158
41053  158
41490  158
44726  159
44976  159
44619  159
44472  159
41368  159
44058  159
40725  159
40843  159
41254  159
43317  159
46874  160
49048  160
44765  160
44220  160
40564  160
41996  160
41672  160
42062  160
41200  160
41685  160
42239  161
45530  161
43606  161
43166  161
43999  161
45099  161
42207  161
42705  161
42812  161
44687  161
45611  162
42976  162
47146  162
44550  162
44829  162
48479  162
44229  162
42963  162
45553  162
45552  162
46442  163
49880  163
45448  163
50893  163
46057  163
43259  163
43538  163
47322  163
45701  163
43281  163
45374  164
45700  164
44876  164
45720  164
44726  164
46857  164
54991  164
44480  164
44839  164
45415  164
44908  165
44847  165
45565  165
45307  165
48150  165
48098  165
46804  165
45481  165
47016  165
48002  165
47716  166
47254  166
48035  166
47482  166
46080  166
46847  166
45996  166
50857  166
45643  166
45913  166
46723  167
46005  167
48545  167
48416  167
51645  167
48351  167
50036  167
51213  167
46623  167
47598  167
46733  168
45858  168
47083  168
47501  168
47909  168
50825  168
47842  168
54484  168
47262  168
49768  168
50438  169
49380  169
49691  169
47837  169
47575  169
47842  169
52688  169
46283  169
47660  169
49900  169
49727  170
47706  170
47116  170
47367  170
47894  170
48941  170
51105  170
48899  170
48709  170
48572  170
49360  171
49268  171
49504  171
50259  171
48176  171
51490  171
49445  171
51250  171
50880  171
50998  171
51243  172
55457  172
48844  172
49571  172
53581  172
61710  172
48387  172
49439  172
48751  172
49606  172
49189  173
49471  173
55459  173
52310  173
59328  173
49262  173
50195  173
49658  173
50006  173
50292  173
54205  174
53098  174
55468  174
49980  174
50086  174
50472  174
50601  174
50250  174
50729  174
50946  174
54789  175
51699  175
51924  175
57235  175
53217  175
53177  175
52778  175
53042  175
50538  175
52105  175
53521  176
52821  176
57990  176
54413  176
51519  176
51618  176
51840  176
51327  176
50991  176
54314  176
57026  177
76731  177
51559  177
52225  177
52274  177
51337  177
52135  177
55288  177
56171  177
56261  177
56691  178
56108  178
53205  178
53017  178
56464  178
55838  178
55342  178
55105  178
53406  178
53075  178
61179  179
56334  179
53338  179
56417  179
57916  179
54579  179
61509  179
60975  179
58252  179
55255  179
56476  180
57191  180
57720  180
52829  180
58748  180
54679  180
54978  180
54467  180
53433  180
57356  180
56892  181
54732  181
60176  181
54657  181
58708  181
53697  181
55075  181
54473  181
54903  181
62450  181
55711  182
56185  182
59238  182
54770  182
55456  182
55226  182
55023  182
54689  182
55477  182
56093  182
57840  183
59734  183
56732  183
56877  183
56551  183
55456  183
55960  183
55901  183
56483  183
72206  183
56963  184
56572  184
59398  184
59082  184
63477  184
56123  184
58674  184
57983  184
57026  184
56558  184
57136  185
56819  185
60373  185
59410  185
57869  185
58443  185
58338  185
57109  185
57206  185
57429  185
58773  186
58371  186
62869  186
58562  186
60782  186
58097  186
60485  186
60650  186
58776  186
57811  186
62676  187
60281  187
60789  187
58516  187
59282  187
58265  187
58645  187
58444  187
59865  187
61797  187
65937  188
58056  188
58533  188
58520  188
64744  188
61436  188
59908  188
61844  188
58633  188
59229  188
60042  189
59074  189
59267  189
58999  189
64076  189
64633  189
60600  189
59417  189
60007  189
62935  189
63052  190
59734  190
59936  190
60681  190
59875  190
60928  190
60011  190
59841  190
62766  190
62677  190
65754  191
63541  191
60931  191
60116  191
60924  191
63660  191
63904  191
60297  191
64163  191
62491  191
60658  192
61505  192
61639  192
61445  192
65029  192
66038  192
69405  192
62184  192
63969  192
64649  192
64134  193
61596  193
62220  193
66485  193
68776  193
61166  193
61823  193
61809  193
62810  193
62933  193
64378  194
67375  194
63149  194
64272  194
63563  194
63278  194
63508  194
63540  194
64693  194
74433  194
63783  195
64386  195
67143  195
62446  195
64813  195
64639  195
72080  195
63587  195
63861  195
63042  195
64133  196
64848  196
69986  196
67752  196
69176  196
66605  196
68028  196
63876  196
64475  196
64922  196
65409  197
82591  197
64405  197
68104  197
65195  197
63939  197
65211  197
67324  197
68949  197
64235  197
65173  198
64880  198
65073  198
65709  198
65833  198
70672  198
76176  198
68846  198
64482  198
68978  198
69451  199
66776  199
68818  199
95073  199
65047  199
66946  199
65663  199
66208  199
70839  199
72490  199
67566  200
67723  200
67293  200
67530  200
67653  200
68458  200
69999  200
65665  200
66433  200
67623  200
70437  201
66299  201
67749  201
71486  201
71259  201
68629  201
67149  201
68103  201
67150  201
71141  201
67745  202
71013  202
71706  202
70032  202
67034  202
67783  202
68895  202
79274  202
71163  202
71541  202
69455  203
69568  203
69561  203
70698  203
76114  203
73593  203
71605  203
69797  203
68839  203
68829  203
71990  204
73362  204
73349  204
72756  204
72395  204
72378  204
71016  204
70374  204
81308  204
70764  204
71782  205
71319  205
70191  205
69611  205
70782  205
77242  205
71540  205
70286  205
71274  205
73437  205
74666  206
76579  206
74926  206
70622  206
69917  206
70676  206
71719  206
71971  206
84795  206
70544  206
71983  207
71916  207
72185  207
74221  207
75894  207
86734  207
72958  207
73152  207
72680  207
71819  207
72312  208
73645  208
72473  208
73266  208
74502  208
73019  208
72517  208
75160  208
81736  208
75214  208
76200  209
72879  209
76432  209
76807  209
73895  209
76555  209
73156  209
74464  209
74353  209
74650  209
79228  210
74884  210
75424  210
78099  210
72633  210
74307  210
77763  210
80979  210
78834  210
74146  210
74878  211
74783  211
75358  211
76778  211
76735  211
78159  211
74050  211
74363  211
74308  211
79171  211
79495  212
76424  212
76722  212
75701  212
75863  212
75794  212
79496  212
76648  212
77528  212
75301  212
76261  213
80102  213
78254  213
85193  213
77587  213
77144  213
80712  213
80202  213
76164  213
78010  213
77808  214
77852  214
81443  214
78079  214
78027  214
79734  214
78441  214
77964  214
78619  214
80866  214
80985  215
78102  215
82262  215
81666  215
81076  215
77181  215
80222  215
82923  215
80859  215
80888  215
81598  216
78099  216
81607  216
80870  216
79464  216
81689  216
77588  216
81924  216
82694  216
79788  216
82653  217
77660  217
78168  217
79350  217
80100  217
83862  217
82833  217
80082  217
80202  217
82416  217
83420  218
85590  218
83995  218
80231  218
82520  218
81451  218
80610  218
89994  218
84214  218
80510  218
81936  219
84096  219
84677  219
84192  219
80197  219
81162  219
80152  219
80269  219
81449  219
81158  219
82795  220
81878  220
81047  220
81814  220
86654  220
85087  220
81866  220
81924  220
82400  220
82399  220
84104  221
94704  221
86083  221
86502  221
81588  221
81953  221
83374  221
84230  221
82990  221
83924  221
84260  222
84614  222
83731  222
84452  222
86587  222
82756  222
86717  222
87224  222
85799  222
83817  222
83827  223
87366  223
89761  223
88639  223
85458  223
84395  223
84619  223
83144  223
84301  223
88672  223
85221  224
86137  224
84524  224
88481  224
87637  224
93123  224
85384  224
85766  224
85049  224
85200  224
90527  225
96584  225
85494  225
83970  225
88252  225
89144  225
85712  225
85980  225
85061  225
85314  225
85156  226
88576  226
95435  226
85377  226
89684  226
85006  226
87288  226
88262  226
93769  226
86398  226
90982  227
86127  227
90270  227
97111  227
86936  227
87071  227
87178  227
86674  227
92631  227
90174  227
90771  228
86553  228
87020  228
95336  228
90258  228
87792  228
91810  228
86645  228
91451  228
89281  228
88563  229
87432  229
92091  229
87372  229
91785  229
96175  229
88957  229
87861  229
92897  229
88687  229
90085  230
90614  230
92376  230
91496  230
87569  230
90457  230
101309  230
92437  230
87488  230
92128  230
90695  231
112424  231
92167  231
91791  231
89803  231
91048  231
93149  231
87092  231
89500  231
90771  231
89310  232
91032  232
97677  232
95771  232
94449  232
89466  232
94609  232
98217  232
88370  232
90369  232
91912  233
90642  233
92594  233
93500  233
91391  233
93006  233
91623  233
95396  233
92293  233
92529  233
90872  234
92296  234
95355  234
96553  234
91173  234
90719  234
92201  234
97111  234
93388  234
95213  234
96012  235
91823  235
93071  235
98734  235
92418  235
95854  235
91695  235
95810  235
100798  235
91718  235
96641  236
92493  236
95924  236
97329  236
97000  236
93145  236
93132  236
96139  236
93774  236
94411  236
96982  237
96920  237
94569  237
96653  237
100427  237
94111  237
94362  237
96455  237
97587  237
97923  237
93443  238
96198  238
95507  238
96137  238
124703  238
95720  238
94175  238
94445  238
98409  238
98309  238
94184  239
98271  239
96248  239
98470  239
95178  239
96416  239
95754  239
96426  239
97361  239
101800  239
96420  240
96165  240
98087  240
99129  240
96214  240
98916  240
96162  240
99720  240
99699  240
97806  240
96774  241
96217  241
99508  241
98407  241
102727  241
99040  241
95474  241
98284  241
100944  241
103267  241
99303  242
95694  242
99767  242
96957  242
102709  242
97263  242
99590  242
95531  242
99436  242
97939  242
98866  243
98541  243
97787  243
98171  243
104642  243
96972  243
101434  243
97631  243
101690  243
100696  243
97316  244
100488  244
98009  244
99494  244
102552  244
102046  244
97565  244
99080  244
100699  244
104802  244
99621  245
98925  245
99598  245
100329  245
102509  245
98628  245
99441  245
100317  245
98535  245
101154  245
101441  246
98704  246
100487  246
107494  246
99094  246
102501  246
98956  246
104437  246
105404  246
100392  246
102458  247
101038  247
103989  247
96639  247
99866  247
102055  247
98145  247
101270  247
98708  247
98968  247
104357  248
98599  248
106226  248
99717  248
103462  248
104402  248
103246  248
107572  248
100411  248
104938  248
101683  249
101586  249
100401  249
101239  249
102993  249
101898  249
105790  249
100491  249
100538  249
105747  249
105255  250
104261  250
101280  250
104901  250
100250  250
105960  250
101501  250
101719  250
103169  250
102874  250
102597  251
101033  251
102790  251
101236  251
105868  251
104029  251
100844  251
103309  251
105792  251
108583  251
110903  252
102707  252
106886  252
102557  252
103208  252
109712  252
102050  252
102717  252
102002  252
111919  252
101773  253
104096  253
103549  253
104938  253
104405  253
103294  253
107095  253
101826  253
103155  253
104608  253
104805  254
103364  254
106404  254
114989  254
106828  254
101920  254
106899  254
103613  254
102582  254
106699  254
104081  255
103188  255
123172  255
105300  255
103526  255
104739  255
105094  255
102804  255
105387  255
105529  255
105622  256
107918  256
104985  256
104726  256
107922  256
111181  256
110656  256
107850  256
103243  256
108296  256
105654  257
105857  257
108597  257
104991  257
113086  257
110480  257
105387  257
104250  257
108497  257
114559  257
108147  258
105021  258
108210  258
104719  258
108902  258
105808  258
109022  258
106772  258
105621  258
106766  258
109260  259
106237  259
109329  259
106179  259
109750  259
105730  259
111947  259
106787  259
107374  259
107867  259
110356  260
111234  260
103105  260
107510  260
109824  260
111127  260
107568  260
106625  260
106038  260
110067  260
107992  261
108519  261
107062  261
107985  261
108722  261
110967  261
107376  261
109250  261
111055  261
111270  261
108311  262
107994  262
108387  262
110535  262
107695  262
109317  262
108032  262
110263  262
111160  262
107765  262
109991  263
108156  263
118304  263
109258  263
109143  263
109515  263
108450  263
105942  263
107613  263
108549  263
112182  264
115699  264
110732  264
111179  264
111585  264
111937  264
110567  264
108412  264
112910  264
111956  264
113200  265
108020  265
112262  265
109519  265
113803  265
106307  265
113701  265
109533  265
111853  265
108589  265
113703  266
113567  266
110094  266
111081  266
110050  266
109756  266
113521  266
113978  266
110223  266
110316  266
112221  267
118991  267
110557  267
111596  267
110845  267
113547  267
111175  267
112167  267
111875  267
110043  267
115559  268
112445  268
112466  268
112851  268
114169  268
111199  268
112592  268
116190  268
118755  268
110200  268
111716  269
111209  269
115698  269
112010  269
110191  269
112239  269
117242  269
108934  269
113957  269
113189  269
112294  270
116318  270
110468  270
113155  270
116198  270
110445  270
112056  270
115241  270
115002  270
114942  270
112807  271
111863  271
116202  271
114086  271
112282  271
112286  271
114821  271
112737  271
116544  271
112103  271
116656  272
113536  272
114039  272
112204  272
116653  272
113648  272
117704  272
117657  272
115822  272
117078  272
138053  273
112865  273
118746  273
113236  273
116603  273
114038  273
112451  273
115154  273
117272  273
117818  273
117618  274
112561  274
115070  274
116149  274
115824  274
114036  274
114243  274
114829  274
113109  274
114329  274
115441  275
113367  275
114450  275
118788  275
113593  275
118949  275
113980  275
118366  275
117125  275
117042  275
114617  276
116398  276
122053  276
110111  276
116372  276
114452  276
114805  276
118941  276
117502  276
115332  276
120725  277
123309  277
115282  277
117576  277
121578  277
124377  277
114480  277
117637  277
120813  277
122514  277
114202  278
117111  278
122756  278
124106  278
118053  278
115722  278
115876  278
131436  278
117202  278
116506  278
117603  279
112512  279
115279  279
120937  279
118096  279
123962  279
121110  279
118268  279
117557  279
117376  279
118146  280
118997  280
118265  280
127665  280
121065  280
122175  280
120667  280
120771  280
116708  280
116234  280
119502  281
121604  281
118975  281
117497  281
117947  281
132040  281
117071  281
118283  281
123288  281
120709  281
119408  282
122394  282
120903  282
128405  282
116892  282
124094  282
123429  282
123770  282
119909  282
117896  282
121223  283
123912  283
121748  283
118125  283
118777  283
122814  283
119641  283
118737  283
124840  283
117073  283
120102  284
123421  284
119179  284
115535  284
123742  284
122005  284
127704  284
117400  284
118421  284
120850  284
123824  285
120245  285
119536  285
123833  285
117983  285
122222  285
118879  285
121399  285
119893  285
121487  285
126152  286
117651  286
127047  286
121531  286
125862  286
118118  286
120321  286
117552  286
121675  286
125038  286
122113  287
123634  287
126939  287
120172  287
131997  287
120100  287
126035  287
125762  287
126602  287
120927  287
119659  288
123586  288
128001  288
123750  288
125235  288
121139  288
121948  288
120501  288
126324  288
123693  288
122411  289
128570  289
121864  289
128674  289
122849  289
127442  289
124215  289
123555  289
126459  289
121747  289
124726  290
129777  290
121279  290
121984  290
128191  290
138600  290
121514  290
121075  290
133268  290
118987  290
124717  291
122542  291
124110  291
120816  291
127497  291
125060  291
127958  291
120344  291
125137  291
129302  291
126020  292
128424  292
124821  292
124469  292
133379  292
123082  292
128498  292
122282  292
124082  292
127677  292
124591  293
130569  293
123248  293
125490  293
123553  293
123378  293
122824  293
122210  293
127947  293
124389  293
123502  294
130978  294
123648  294
136291  294
123974  294
129664  294
122272  294
120959  294
124700  294
125544  294
126322  295
122843  295
125343  295
127648  295
125568  295
124941  295
125918  295
130525  295
135901  295
130911  295
125447  296
125061  296
129021  296
124689  296
131307  296
125987  296
129894  296
124467  296
124407  296
132255  296
127654  297
125362  297
129381  297
127954  297
125749  297
126106  297
133798  297
136801  297
124573  297
127533  297
137410  298
128232  298
132807  298
131708  298
138231  298
128985  298
127721  298
125486  298
128616  298
126255  298
129250  299
132572  299
135664  299
125314  299
125292  299
134194  299
128246  299
132264  299
125143  299
128657  299
132551  300
133195  300
129713  300
127944  300
129490  300
127435  300
136125  300
129983  300
133554  300
135072  300
