269  7
316  7
286  7
202  7
195  7
220  7
221  7
343  7
239  7
234  7
259  8
258  8
310  8
287  8
298  8
292  8
292  8
270  8
252  8
277  8
308  9
311  9
242  9
246  9
233  9
232  9
230  9
279  9
286  9
330  9
351  10
350  10
339  10
267  10
264  10
251  10
257  10
269  10
260  10
318  10
390  11
394  11
377  11
397  11
395  11
295  11
276  11
327  11
330  11
281  11
355  12
318  12
491  12
379  12
411  12
336  12
339  12
384  12
380  12
315  12
337  13
343  13
384  13
345  13
348  13
345  13
449  13
476  13
359  13
357  13
397  14
389  14
383  14
419  14
389  14
390  14
471  14
477  14
480  14
515  14
555  15
499  15
433  15
426  15
498  15
442  15
436  15
575  15
627  15
595  15
478  16
479  16
615  16
482  16
513  16
506  16
480  16
486  16
597  16
492  16
551  17
540  17
602  17
599  17
669  17
702  17
587  17
535  17
653  17
644  17
7336  18
10660  18
7960  18
3656  18
624  18
5813  18
636  18
2684  18
601  18
1887  18
694  19
1064  19
1413  19
878  19
3064  19
1055  19
3611  19
758  19
1861  19
2249  19
1102  20
769  20
1059  20
862  20
2134  20
3141  20
5296  20
885  20
1147  20
7642  20
3055  21
800  21
825  21
2469  21
2728  21
2358  21
5954  21
6727  21
1739  21
859  21
1240  22
1134  22
2303  22
992  22
896  22
2090  22
882  22
870  22
1051  22
877  22
1040  23
1402  23
1889  23
1062  23
1285  23
2367  23
2609  23
1522  23
2535  23
2428  23
1025  24
7572  24
6026  24
4451  24
1283  24
2628  24
1113  24
4407  24
1043  24
2122  24
2215  25
2552  25
2098  25
7221  25
2051  25
1189  25
6454  25
2637  25
2675  25
1151  25
1405  26
1224  26
2043  26
1287  26
3351  26
2496  26
2609  26
1406  26
1447  26
1199  26
2889  27
1350  27
1440  27
1384  27
1297  27
1316  27
1330  27
1338  27
1323  27
1311  27
1491  28
1405  28
2426  28
2491  28
1431  28
2024  28
2275  28
7650  28
3604  28
1760  28
1786  29
1555  29
1531  29
1500  29
2629  29
1911  29
1679  29
2025  29
1550  29
3177  29
1832  30
3181  30
2187  30
2045  30
7554  30
3680  30
1748  30
7593  30
1847  30
2786  30
1823  31
2613  31
5151  31
1757  31
2047  31
1797  31
1739  31
1809  31
2242  31
1859  31
1961  32
2147  32
1893  32
2100  32
1899  32
1858  32
1851  32
2012  32
1904  32
1922  32
1967  33
2148  33
3525  33
6993  33
2244  33
2159  33
2083  33
2027  33
2109  33
3090  33
2178  34
2256  34
2215  34
2601  34
2516  34
2435  34
2321  34
2232  34
3813  34
2290  34
5161  35
2867  35
2331  35
3181  35
2399  35
2228  35
2352  35
5946  35
2251  35
2287  35
2593  36
2389  36
7541  36
2366  36
2370  36
6135  36
2508  36
2572  36
2567  36
2983  36
2565  37
2838  37
3393  37
3153  37
3337  37
2846  37
4043  37
2683  37
2550  37
4111  37
3231  38
2641  38
2867  38
3169  38
3049  38
2847  38
2779  38
3537  38
2955  38
2879  38
2928  39
2910  39
3143  39
3040  39
5015  39
3102  39
6379  39
2797  39
2769  39
4731  39
5097  40
3580  40
3283  40
4957  40
3005  40
7402  40
3532  40
3397  40
3344  40
3125  40
3492  41
6257  41
4255  41
4413  41
6222  41
7407  41
3427  41
5954  41
3438  41
3334  41
3545  42
3350  42
3333  42
7229  42
3460  42
7199  42
3354  42
3447  42
3322  42
3421  42
5519  43
3737  43
3827  43
3934  43
4422  43
3828  43
3840  43
3859  43
3815  43
3602  43
3665  44
3679  44
3830  44
3942  44
7441  44
3763  44
3573  44
3994  44
3714  44
3838  44
5001  45
4187  45
4448  45
4030  45
3841  45
4012  45
3960  45
3800  45
3966  45
4391  45
3990  46
4178  46
4313  46
4171  46
3980  46
4038  46
4565  46
3991  46
4435  46
4891  46
4899  47
4673  47
6939  47
4172  47
4251  47
5224  47
4507  47
6467  47
4293  47
4165  47
5391  48
5000  48
7320  48
4429  48
4286  48
4453  48
9594  48
4685  48
4815  48
7524  48
8635  49
5030  49
4655  49
4728  49
4555  49
5042  49
4877  49
4602  49
5005  49
4701  49
6024  50
5365  50
5047  50
5228  50
5404  50
5401  50
5036  50
4941  50
5217  50
5850  50
5814  51
5294  51
4958  51
6333  51
5523  51
6092  51
5598  51
5357  51
5539  51
5512  51
6871  52
5924  52
5913  52
5575  52
5300  52
5074  52
7207  52
5752  52
7219  52
5224  52
5630  53
5482  53
7825  53
6247  53
6272  53
6868  53
7387  53
5549  53
6364  53
6326  53
7428  54
6449  54
6785  54
6441  54
6061  54
6020  54
6665  54
6889  54
7844  54
6688  54
6803  55
6656  55
6312  55
6535  55
6106  55
6424  55
8051  55
6429  55
6990  55
6491  55
6368  56
6338  56
6105  56
6962  56
6919  56
6470  56
7265  56
7037  56
6546  56
6480  56
8424  57
6814  57
6550  57
6233  57
7262  57
6742  57
6501  57
6436  57
6633  57
6774  57
7069  58
6720  58
7110  58
7122  58
6596  58
6875  58
6604  58
7334  58
7166  58
7205  58
7609  59
7879  59
7372  59
6908  59
7194  59
7092  59
8846  59
7339  59
7198  59
7973  59
8633  60
7911  60
9550  60
7236  60
7966  60
7342  60
7705  60
7365  60
7580  60
8867  60
10358  61
8448  61
8629  61
7888  61
7474  61
7457  61
7496  61
8004  61
7840  61
8372  61
9362  62
8648  62
8625  62
8649  62
7967  62
9674  62
7620  62
7926  62
8806  62
8577  62
8278  63
8043  63
8624  63
9110  63
8325  63
7834  63
7914  63
8187  63
9113  63
8695  63
8757  64
9318  64
8471  64
9057  64
8702  64
8169  64
8026  64
9804  64
8477  64
8796  64
14988  65
9311  65
9008  65
9860  65
8688  65
8956  65
11991  65
9290  65
9955  65
10260  65
10185  66
12678  66
7906  66
10966  66
9962  66
10170  66
9146  66
11433  66
9201  66
9480  66
9735  67
9600  67
9942  67
9209  67
9681  67
10098  67
9779  67
9524  67
9438  67
9411  67
9702  68
9752  68
9754  68
9984  68
10868  68
10638  68
10290  68
10270  68
10011  68
9388  68
9930  69
10896  69
9649  69
9730  69
12986  69
10285  69
9639  69
10916  69
11159  69
12214  69
10526  70
14111  70
11138  70
10337  70
15809  70
11672  70
11427  70
10786  70
10644  70
10660  70
11164  71
11805  71
11387  71
10835  71
11621  71
11535  71
10946  71
11021  71
12406  71
11314  71
11819  72
11805  72
13490  72
11728  72
10815  72
10602  72
11794  72
11132  72
13215  72
12343  72
12415  73
12159  73
12203  73
11727  73
12491  73
11983  73
12631  73
11753  73
11489  73
12082  73
12254  74
13968  74
11803  74
16128  74
14908  74
12189  74
11456  74
12224  74
11958  74
11620  74
12200  75
12793  75
12130  75
12130  75
13387  75
12388  75
12104  75
11919  75
12853  75
12942  75
12149  76
12616  76
13039  76
12207  76
11996  76
13991  76
12669  76
11968  76
13402  76
12625  76
13696  77
15160  77
12918  77
12446  77
13130  77
13695  77
13479  77
12864  77
13410  77
15066  77
19990  78
13936  78
13462  78
13841  78
14129  78
13844  78
13479  78
13952  78
14553  78
14052  78
14346  79
14459  79
14810  79
13818  79
13140  79
13469  79
15173  79
14119  79
13503  79
14135  79
13777  80
13997  80
14067  80
14147  80
13782  80
14365  80
14072  80
15896  80
14025  80
16030  80
14493  81
16442  81
14787  81
14973  81
17031  81
14341  81
14699  81
15533  81
15329  81
14089  81
14565  82
14941  82
15154  82
14852  82
14783  82
14630  82
14791  82
16299  82
15968  82
16017  82
16228  83
15000  83
14780  83
15242  83
16355  83
16468  83
14978  83
15583  83
15364  83
15318  83
15485  84
18064  84
16738  84
20053  84
18327  84
16330  84
16939  84
17142  84
15396  84
16827  84
15674  85
16143  85
16243  85
15934  85
16676  85
15651  85
15466  85
15443  85
17237  85
17497  85
17827  86
17376  86
17312  86
17509  86
16259  86
16233  86
16306  86
21494  86
17792  86
17502  86
17348  87
17081  87
17745  87
17492  87
16531  87
17324  87
16854  87
17317  87
17015  87
17460  87
17143  88
17495  88
17277  88
17314  88
18181  88
17020  88
18501  88
18090  88
17249  88
17600  88
17870  89
17459  89
18603  89
18811  89
24449  89
18256  89
20917  89
20051  89
19148  89
18839  89
20280  90
19747  90
18316  90
17891  90
23531  90
18952  90
17976  90
18393  90
20348  90
19498  90
18466  91
18605  91
18190  91
20093  91
19602  91
21211  91
18641  91
18661  91
20210  91
18599  91
21728  92
19231  92
21263  92
22515  92
21198  92
19767  92
24612  92
19155  92
20280  92
19183  92
19678  93
18855  93
19554  93
19156  93
20758  93
20890  93
19956  93
18652  93
19044  93
20235  93
20178  94
20859  94
22347  94
19572  94
20456  94
19754  94
20249  94
21570  94
20572  94
19719  94
29205  95
21939  95
20839  95
20478  95
20909  95
20499  95
19962  95
20797  95
21087  95
20374  95
21072  96
20921  96
21486  96
25102  96
20849  96
20975  96
21643  96
20480  96
21455  96
21117  96
21560  97
25059  97
25098  97
23318  97
24978  97
23674  97
21693  97
23636  97
21359  97
22653  97
22672  98
24736  98
21220  98
22152  98
21939  98
21960  98
22741  98
22706  98
22073  98
22861  98
22554  99
24630  99
23782  99
26998  99
26833  99
22804  99
22615  99
25539  99
22972  99
28195  99
23013  100
22393  100
23433  100
25154  100
22907  100
24529  100
22671  100
24087  100
22277  100
24476  100
23059  101
23841  101
22880  101
25271  101
24581  101
28753  101
23385  101
24797  101
27115  101
24743  101
23714  102
27128  102
25073  102
24314  102
22882  102
25634  102
23518  102
25070  102
23191  102
24623  102
24625  103
26280  103
25942  103
26420  103
25851  103
26197  103
26235  103
26096  103
24361  103
24679  103
28663  104
27721  104
25497  104
24961  104
24203  104
25644  104
25503  104
24907  104
24725  104
25432  104
27155  105
25437  105
27141  105
26984  105
26653  105
26817  105
24657  105
28366  105
27418  105
28253  105
27517  106
27365  106
27849  106
28508  106
25205  106
26659  106
25490  106
26399  106
26064  106
26783  106
27626  107
27502  107
27233  107
27634  107
29754  107
27985  107
27766  107
28630  107
32770  107
31340  107
34967  108
26914  108
29806  108
29260  108
26111  108
29012  108
29054  108
28412  108
26544  108
27518  108
27962  109
28505  109
27451  109
27857  109
31523  109
29210  109
28105  109
27453  109
26894  109
28370  109
28286  110
28333  110
29022  110
27553  110
27995  110
28379  110
28219  110
28692  110
28301  110
27597  110
28322  111
28164  111
31669  111
30097  111
29455  111
30023  111
30923  111
30666  111
28552  111
30821  111
30094  112
29307  112
28872  112
28679  112
28672  112
28534  112
28756  112
28791  112
29294  112
29471  112
29436  113
32579  113
32674  113
31790  113
36890  113
29549  113
30076  113
31719  113
30830  113
30535  113
31752  114
29994  114
30253  114
30251  114
31177  114
31941  114
31936  114
35358  114
31692  114
32318  114
38497  115
37169  115
33372  115
30324  115
30978  115
33544  115
32887  115
32939  115
32271  115
33136  115
33677  116
32829  116
32943  116
30393  116
24625  116
34225  116
31270  116
38631  116
33851  116
32109  116
32706  117
32508  117
32845  117
32257  117
31943  117
32429  117
32327  117
32892  117
32379  117
35321  117
37424  118
33837  118
34344  118
34316  118
37357  118
33552  118
34766  118
31346  118
33278  118
33154  118
32804  119
34225  119
34410  119
34008  119
33713  119
34140  119
34256  119
34345  119
36103  119
37778  119
36989  120
34085  120
36075  120
36040  120
34058  120
34372  120
39273  120
36648  120
34648  120
36911  120
35176  121
37149  121
36490  121
36960  121
35937  121
41914  121
34477  121
34963  121
34915  121
35208  121
35747  122
35531  122
36155  122
36773  122
39121  122
38757  122
40470  122
38887  122
39108  122
36166  122
47826  123
36566  123
36566  123
36229  123
37486  123
39013  123
38258  123
35952  123
37220  123
37094  123
35703  124
37188  124
37039  124
36360  124
41372  124
36395  124
37150  124
41058  124
35937  124
36713  124
37052  125
40564  125
39168  125
40037  125
38904  125
39136  125
37466  125
40089  125
48382  125
37354  125
38218  126
40571  126
37784  126
37877  126
37147  126
37475  126
39833  126
38416  126
39217  126
42954  126
39246  127
40366  127
61379  127
41507  127
38372  127
38766  127
42088  127
41395  127
40272  127
42456  127
42573  128
41703  128
42778  128
41369  128
39352  128
51433  128
41504  128
43860  128
42792  128
41758  128
42923  129
42686  129
39229  129
42026  129
41366  129
40152  129
42988  129
42015  129
44031  129
40398  129
43172  130
42739  130
42370  130
41918  130
42255  130
40043  130
40143  130
40680  130
41159  130
41651  130
44264  131
45586  131
57691  131
41876  131
41273  131
41318  131
41463  131
40785  131
40827  131
40993  131
41992  132
41252  132
44976  132
45170  132
44090  132
45737  132
42436  132
43673  132
46306  132
41696  132
42575  133
43482  133
42878  133
42743  133
42768  133
43794  133
47530  133
44391  133
42878  133
45670  133
45755  134
42896  134
45064  134
43156  134
43865  134
43832  134
44505  134
48555  134
43538  134
43515  134
46629  135
49006  135
46340  135
42666  135
42951  135
45500  135
45876  135
48168  135
42645  135
45722  135
47322  136
46838  136
52281  136
47842  136
43703  136
48652  136
44774  136
44083  136
44333  136
44203  136
45950  137
43791  137
46680  137
52164  137
55154  137
45754  137
44965  137
45280  137
47835  137
44058  137
45929  138
45091  138
45644  138
45692  138
49831  138
53225  138
50675  138
46430  138
48685  138
47698  138
48076  139
48932  139
49144  139
48652  139
50187  139
47755  139
46385  139
51089  139
47059  139
47031  139
47183  140
48002  140
46843  140
50410  140
50359  140
50251  140
53131  140
50629  140
46621  140
54577  140
48112  141
48648  141
47396  141
48151  141
49607  141
47672  141
48272  141
51356  141
51150  141
51628  141
55561  142
52735  142
51977  142
51604  142
51641  142
49675  142
48988  142
49541  142
49238  142
49287  142
52097  143
51902  143
55959  143
52898  143
49547  143
52489  143
52221  143
52026  143
52591  143
48894  143
54693  144
51477  144
59678  144
50646  144
50496  144
51160  144
50418  144
50583  144
54546  144
52930  144
53391  145
52240  145
56223  145
63438  145
50992  145
51381  145
50561  145
50355  145
50217  145
54323  145
53698  146
52574  146
54279  146
53225  146
52859  146
51656  146
51017  146
55834  146
53690  146
54256  146
51798  147
56223  147
57091  147
54120  147
56875  147
53855  147
53189  147
54459  147
52738  147
52292  147
53657  148
53318  148
55483  148
53940  148
73963  148
55934  148
53262  148
53992  148
53785  148
54776  148
55657  149
55087  149
62081  149
53811  149
53584  149
56433  149
54302  149
57603  149
56482  149
56093  149
56973  150
59201  150
59573  150
55391  150
54800  150
64782  150
55241  150
55963  150
55577  150
55505  150
56513  151
56527  151
59183  151
58476  151
56260  151
59016  151
58165  151
56024  151
55952  151
55874  151
56116  152
56793  152
58067  152
59274  152
60617  152
58882  152
60485  152
56010  152
56718  152
56470  152
58257  153
58458  153
59551  153
58484  153
59733  153
58198  153
57406  153
57948  153
59153  153
58796  153
57811  154
61777  154
57858  154
59568  154
59955  154
63603  154
57935  154
58199  154
57960  154
57866  154
62067  155
63313  155
62454  155
69300  155
59197  155
59103  155
59474  155
58729  155
59538  155
58923  155
61576  156
61927  156
62967  156
62437  156
58866  156
61117  156
62249  156
81613  156
59434  156
64096  156
57282  157
73245  157
63392  157
62217  157
62150  157
59081  157
60335  157
63438  157
64288  157
64298  157
67300  158
63996  158
63568  158
63272  158
63201  158
60290  158
61157  158
62391  158
61203  158
67305  158
63412  159
63685  159
65742  159
65498  159
60989  159
61850  159
62179  159
62253  159
65413  159
61215  159
65535  160
65235  160
65787  160
66071  160
65978  160
62896  160
67063  160
67733  160
67397  160
62963  160
66654  161
66738  161
65504  161
62860  161
69636  161
68239  161
70769  161
63668  161
64027  161
68596  161
64641  162
62771  162
63313  162
66445  162
66984  162
72198  162
66984  162
64275  162
64897  162
65339  162
65964  163
66490  163
68486  163
70103  163
66044  163
65841  163
65401  163
64086  163
64659  163
65323  163
73117  164
70535  164
67482  164
69691  164
68741  164
65744  164
66189  164
66995  164
70796  164
68408  164
81886  165
69435  165
68055  165
71528  165
65479  165
66280  165
67066  165
67218  165
68441  165
75551  165
71257  166
71334  166
71415  166
67650  166
67749  166
73049  166
72251  166
67085  166
69189  166
68196  166
69524  167
70111  167
69011  167
77735  167
71555  167
69686  167
69712  167
69042  167
73034  167
69073  167
70252  168
74933  168
71766  168
69125  168
70446  168
76623  168
69837  168
70186  168
68830  168
72004  168
71977  169
76384  169
70171  169
69921  169
70463  169
70974  169
71093  169
72369  169
75426  169
82114  169
70550  170
74275  170
70730  170
73833  170
70575  170
72168  170
76732  170
75215  170
75121  170
74266  170
75250  171
70989  171
71786  171
76434  171
73611  171
71210  171
71809  171
71276  171
72901  171
74490  171
74993  172
77859  172
81335  172
73446  172
74616  172
78253  172
77481  172
77133  172
77321  172
83844  172
75122  173
73733  173
74266  173
75086  173
74887  173
79594  173
75656  173
83334  173
78712  173
77640  173
78889  174
77714  174
79994  174
80133  174
76226  174
80251  174
74558  174
75607  174
75332  174
74455  174
82006  175
78199  175
85873  175
75109  175
75246  175
75834  175
75931  175
76101  175
77355  175
75420  175
86258  176
80032  176
77433  176
77794  176
76212  176
81157  176
82187  176
76950  176
82819  176
88270  176
77620  177
79843  177
83323  177
82970  177
78302  177
77838  177
78700  177
77268  177
78589  177
78915  177
80639  178
91211  178
77651  178
78231  178
78170  178
78394  178
78752  178
83940  178
86463  178
81977  178
79735  179
78990  179
78217  179
80752  179
81140  179
89380  179
79099  179
78641  179
80562  179
78685  179
79945  180
82046  180
83935  180
90537  180
79716  180
81335  180
90126  180
83532  180
81355  180
86623  180
84673  181
86270  181
83649  181
81202  181
81917  181
82639  181
94559  181
84579  181
84902  181
85847  181
85496  182
92117  182
82193  182
85688  182
86301  182
83824  182
86964  182
86288  182
91176  182
85808  182
89661  183
84583  183
87087  183
82764  183
84140  183
85229  183
83931  183
84319  183
83283  183
83179  183
84464  184
84475  184
84446  184
87259  184
83877  184
85634  184
83750  184
84565  184
84809  184
91573  184
97481  185
85720  185
86980  185
85477  185
84725  185
91451  185
87172  185
90647  185
88510  185
87528  185
92864  186
84978  186
88382  186
89919  186
87308  186
87574  186
86938  186
87039  186
94180  186
96375  186
87813  187
87837  187
87643  187
88567  187
90128  187
97551  187
93792  187
90960  187
89210  187
92433  187
92736  188
94258  188
103211  188
86480  188
89934  188
88878  188
89089  188
93284  188
88989  188
98920  188
93555  189
93684  189
92485  189
89151  189
91042  189
98405  189
92394  189
93284  189
89111  189
89171  189
91576  190
103177  190
89791  190
90818  190
90440  190
89988  190
91260  190
91897  190
93344  190
89699  190
89947  191
92220  191
92437  191
100362  191
94584  191
93735  191
92730  191
91563  191
90779  191
93441  191
102271  192
90945  192
91843  192
91320  192
92811  192
92519  192
101358  192
92581  192
92918  192
92793  192
93084  193
94923  193
100974  193
93045  193
93262  193
93200  193
93515  193
96286  193
105456  193
97998  193
97891  194
93260  194
93612  194
98888  194
100308  194
96737  194
97778  194
97848  194
93521  194
95699  194
97152  195
98971  195
95118  195
94702  195
99718  195
100505  195
101932  195
93734  195
95820  195
94946  195
96516  196
97265  196
98680  196
96771  196
97804  196
100794  196
95313  196
102725  196
95565  196
96336  196
96404  197
97220  197
97609  197
104052  197
99874  197
97247  197
97264  197
96541  197
97018  197
97907  197
108200  198
97692  198
102458  198
100489  198
101295  198
99872  198
105709  198
98128  198
98403  198
96750  198
102328  199
106119  199
101322  199
101908  199
97558  199
98313  199
99567  199
103864  199
97311  199
99016  199
103097  200
101635  200
97723  200
101115  200
125667  200
108680  200
99279  200
102284  200
101469  200
98783  200
103553  201
103888  201
102694  201
98397  201
105277  201
104343  201
99322  201
103261  201
103258  201
103462  201
100822  202
103683  202
101312  202
102205  202
101919  202
102765  202
108539  202
105563  202
104652  202
100871  202
101369  203
105984  203
102523  203
104095  203
101687  203
103214  203
101505  203
106999  203
108784  203
101933  203
102685  204
106082  204
105250  204
101961  204
105021  204
102687  204
102005  204
102018  204
107385  204
103334  204
103603  205
103606  205
103177  205
103063  205
109191  205
97049  205
103006  205
107661  205
101884  205
108838  205
109621  206
103243  206
104855  206
103748  206
107207  206
103645  206
106411  206
103460  206
104365  206
103551  206
105619  207
110104  207
107970  207
108444  207
104438  207
105274  207
111212  207
107653  207
120204  207
110228  207
104299  208
110397  208
119831  208
108894  208
104596  208
104897  208
106325  208
106422  208
105005  208
110173  208
105906  209
106217  209
106716  209
105031  209
105942  209
108932  209
104308  209
109285  209
110064  209
106745  209
107498  210
110455  210
110664  210
111465  210
105143  210
107674  210
106563  210
111278  210
112331  210
118180  210
110240  211
109759  211
113453  211
106847  211
109653  211
110180  211
109632  211
114351  211
107711  211
113153  211
127908  212
109105  212
108634  212
107641  212
113813  212
117506  212
108433  212
109627  212
112471  212
112113  212
113287  213
107698  213
110021  213
112708  213
108731  213
109425  213
113719  213
109526  213
112515  213
108910  213
116591  214
111942  214
110081  214
112436  214
107618  214
111074  214
115241  214
111149  214
111025  214
109437  214
112651  215
116743  215
111263  215
111638  215
109956  215
112641  215
114853  215
113556  215
110482  215
110298  215
112119  216
113349  216
117078  216
112316  216
115611  216
111480  216
112783  216
117650  216
112088  216
111171  216
110989  217
111265  217
114023  217
116386  217
112850  217
112400  217
112629  217
118679  217
126435  217
113105  217
113404  218
113297  218
115805  218
117388  218
116163  218
113705  218
115421  218
119295  218
114011  218
112966  218
114323  219
114100  219
115475  219
113807  219
116055  219
114393  219
114376  219
114400  219
113866  219
129824  219
120929  220
118587  220
113930  220
109512  220
117554  220
115666  220
113941  220
114892  220
117473  220
117978  220
115786  221
114286  221
115811  221
120434  221
115426  221
114961  221
114397  221
115038  221
119593  221
120306  221
118473  222
116195  222
116104  222
125202  222
118799  222
115255  222
116819  222
115887  222
119250  222
112983  222
117622  223
117686  223
113130  223
118811  223
117945  223
116504  223
119862  223
119334  223
119296  223
126972  223
120285  224
120532  224
119514  224
124225  224
114771  224
144059  224
118040  224
119002  224
120092  224
120290  224
121600  225
117811  225
118033  225
128190  225
120410  225
118499  225
118719  225
118888  225
116275  225
118690  225
118839  226
118755  226
125630  226
118554  226
118691  226
120965  226
132841  226
119321  226
121620  226
118834  226
119680  227
120274  227
119975  227
122191  227
120779  227
120555  227
121599  227
119976  227
118652  227
119564  227
121198  228
119189  228
121148  228
120340  228
119357  228
118708  228
123056  228
126955  228
124146  228
123735  228
125176  229
122446  229
118362  229
120706  229
121371  229
121420  229
125693  229
122331  229
120735  229
122158  229
122400  230
120776  230
121242  230
122382  230
121717  230
121173  230
120495  230
122255  230
121440  230
121828  230
124269  231
123374  231
123873  231
123503  231
124202  231
127385  231
123540  231
123374  231
122742  231
128946  231
119544  232
122906  232
123924  232
125440  232
127421  232
128846  232
121946  232
127972  232
127852  232
125555  232
123694  233
127756  233
129094  233
137907  233
122411  233
123918  233
123916  233
124883  233
122915  233
124094  233
124370  234
124470  234
126614  234
125191  234
127247  234
128746  234
128959  234
127780  234
127882  234
124045  234
124438  235
129428  235
129519  235
123992  235
124583  235
123464  235
124745  235
123154  235
123941  235
124928  235
132205  236
130465  236
129956  236
129674  236
131595  236
125370  236
123670  236
124652  236
125662  236
131889  236
130723  237
125586  237
125079  237
139023  237
126003  237
130175  237
129702  237
137328  237
125757  237
124908  237
131573  238
127632  238
133790  238
124895  238
129727  238
125613  238
129204  238
125226  238
126986  238
131149  238
131883  239
140578  239
130848  239
131729  239
132338  239
130395  239
127584  239
126260  239
125488  239
131541  239
128350  240
128437  240
127479  240
127578  240
127318  240
131680  240
131805  240
131479  240
131008  240
135158  240
125130  241
132997  241
130233  241
135899  241
127898  241
126854  241
129314  241
133758  241
133259  241
132809  241
127101  242
130462  242
131910  242
131043  242
130638  242
129665  242
130219  242
130965  242
129309  242
131209  242
136192  243
129067  243
130395  243
128924  243
137482  243
131684  243
127861  243
130005  243
131195  243
128824  243
130056  244
130146  244
135662  244
129640  244
131850  244
131997  244
131540  244
133256  244
132671  244
129941  244
135088  245
130542  245
131329  245
130127  245
133176  245
130874  245
130317  245
132210  245
131609  245
134627  245
135396  246
137328  246
134049  246
137776  246
136286  246
134819  246
133672  246
132470  246
131755  246
132109  246
133024  247
132691  247
132978  247
135715  247
132824  247
132702  247
137362  247
131167  247
132527  247
133144  247
136722  248
137874  248
132800  248
132353  248
132141  248
148529  248
131971  248
135955  248
136655  248
134186  248
135289  249
135475  249
136243  249
139367  249
142525  249
139150  249
135947  249
136887  249
135530  249
135909  249
136431  250
134312  250
136106  250
135046  250
134282  250
134680  250
137438  250
134328  250
133915  250
137722  250
139892  251
134207  251
133918  251
135210  251
139329  251
134682  251
139243  251
134740  251
139113  251
140124  251
142822  252
135337  252
137718  252
142568  252
137566  252
136443  252
138051  252
138662  252
137590  252
141735  252
142576  253
153273  253
136418  253
139124  253
150383  253
147533  253
136335  253
145210  253
142804  253
143187  253
138340  254
140800  254
134677  254
136467  254
137540  254
141717  254
140063  254
139950  254
139112  254
140850  254
142503  255
137638  255
144852  255
143469  255
141106  255
136117  255
145194  255
145327  255
135628  255
137086  255
146378  256
137618  256
133059  256
134605  256
138556  256
139218  256
137856  256
136815  256
139906  256
151226  256
138860  257
137559  257
145427  257
145659  257
141683  257
141782  257
140494  257
139172  257
141660  257
142447  257
141618  258
141525  258
144055  258
144831  258
143444  258
141752  258
146577  258
143340  258
137972  258
141367  258
139890  259
146677  259
146996  259
145334  259
147987  259
142359  259
139152  259
143965  259
146282  259
137921  259
140861  260
144840  260
141456  260
144068  260
144089  260
140656  260
144498  260
144941  260
142052  260
149611  260
147919  261
148565  261
147555  261
143036  261
142066  261
146939  261
154226  261
149443  261
148577  261
142563  261
142490  262
142736  262
150407  262
145123  262
148249  262
142899  262
146021  262
141985  262
140111  262
149501  262
142081  263
145567  263
146172  263
144751  263
152276  263
156039  263
150648  263
142104  263
144222  263
142514  263
144585  264
152219  264
145561  264
145639  264
145549  264
151882  264
146535  264
144394  264
145212  264
152188  264
148696  265
154526  265
152408  265
141857  265
152582  265
144649  265
147682  265
144911  265
152995  265
152569  265
149420  266
158428  266
145390  266
146564  266
147488  266
143804  266
153398  266
147231  266
146252  266
145620  266
147291  267
146504  267
144675  267
145893  267
154298  267
146193  267
151759  267
146375  267
154466  267
147714  267
145675  268
145870  268
147183  268
148136  268
148683  268
155097  268
155353  268
153472  268
145833  268
150803  268
149445  269
147656  269
146530  269
146965  269
152776  269
148295  269
148847  269
148485  269
163277  269
145228  269
156189  270
150103  270
144442  270
147503  270
149344  270
161364  270
150989  270
156940  270
156587  270
150387  270
147310  271
157140  271
148858  271
152840  271
149874  271
150433  271
164101  271
153286  271
151105  271
148554  271
159568  272
149757  272
157948  272
147273  272
158314  272
148524  272
152912  272
154371  272
150647  272
158946  272
149407  273
152095  273
152438  273
154422  273
163563  273
150977  273
158240  273
149301  273
153676  273
150649  273
152247  274
151401  274
148735  274
153280  274
155049  274
155921  274
161060  274
160181  274
160107  274
158886  274
153045  275
159279  275
157749  275
153902  275
157751  275
154946  275
159868  275
159803  275
157788  275
150812  275
154099  276
152664  276
161418  276
157156  276
152414  276
157233  276
153251  276
158207  276
150685  276
153292  276
156514  277
159796  277
153823  277
157292  277
159535  277
158557  277
164009  277
152716  277
152049  277
158219  277
159321  278
158865  278
156706  278
165153  278
157929  278
153302  278
159722  278
154375  278
157317  278
155561  278
164742  279
160157  279
156336  279
160825  279
155137  279
164893  279
163202  279
164612  279
157343  279
155583  279
157155  280
157042  280
152664  280
161201  280
166782  280
159934  280
156079  280
160507  280
156700  280
161200  280
157587  281
159853  281
170610  281
155547  281
157787  281
157588  281
166163  281
156835  281
167844  281
158457  281
152715  282
157467  282
155830  282
157395  282
157296  282
159711  282
162654  282
158574  282
159309  282
170933  282
157388  283
163976  283
159125  283
163735  283
158815  283
159212  283
171840  283
156550  283
164297  283
172622  283
163977  284
164436  284
158165  284
162569  284
168453  284
169204  284
156391  284
158352  284
161330  284
159153  284
175781  285
159895  285
162814  285
163024  285
159871  285
160450  285
161683  285
161329  285
159289  285
169593  285
164142  286
160065  286
160764  286
160565  286
166695  286
161136  286
162002  286
172193  286
159435  286
162183  286
162816  287
172868  287
163037  287
173630  287
166925  287
166776  287
171597  287
171400  287
171880  287
159615  287
171163  288
158857  288
168819  288
164499  288
168664  288
170648  288
171077  288
177318  288
171607  288
160732  288
165404  289
161973  289
173500  289
163819  289
173206  289
160620  289
173981  289
161589  289
161606  289
164068  289
177912  290
166932  290
170462  290
177760  290
162373  290
171814  290
160926  290
189651  290
164350  290
170325  290
170832  291
173879  291
172964  291
164139  291
160750  291
174228  291
162063  291
170836  291
163579  291
164699  291
182981  292
165781  292
171082  292
165440  292
175377  292
164666  292
181303  292
175548  292
171055  292
165250  292
182787  293
162531  293
171708  293
168635  293
171257  293
175660  293
167813  293
171087  293
165194  293
167163  293
165324  294
167395  294
167637  294
183652  294
166022  294
168413  294
175332  294
168740  294
177753  294
168598  294
167684  295
172276  295
179478  295
170315  295
169678  295
175002  295
170735  295
178703  295
172241  295
169861  295
167633  296
170085  296
171683  296
167195  296
168888  296
180407  296
184695  296
168680  296
179161  296
170139  296
169958  297
177306  297
179461  297
166896  297
175505  297
171564  297
175877  297
168079  297
169826  297
186257  297
165343  298
169670  298
187060  298
169892  298
169318  298
179602  298
176054  298
180887  298
173208  298
170592  298
168663  299
185000  299
175189  299
173109  299
173326  299
172872  299
171718  299
182188  299
188595  299
181600  299
170019  300
179324  300
182852  300
170201  300
173033  300
179076  300
184162  300
170754  300
171842  300
173598  300
