213  9
212  9
261  9
261  9
203  9
198  9
245  9
195  9
207  9
252  9
282  10
277  10
305  10
255  10
219  10
246  10
274  10
219  10
219  10
252  10
297  11
249  11
248  11
249  11
247  11
255  11
341  11
316  11
284  11
292  11
381  12
301  12
299  12
287  12
329  12
337  12
381  12
401  12
362  12
406  12
455  13
432  13
431  13
455  13
439  13
429  13
426  13
456  13
470  13
373  13
419  14
455  14
479  14
525  14
381  14
369  14
368  14
367  14
365  14
433  14
514  15
557  15
538  15
481  15
518  15
570  15
540  15
545  15
558  15
580  15
619  16
621  16
666  16
658  16
517  16
489  16
553  16
484  16
477  16
476  16
583  17
2295  17
2780  17
2651  17
3183  17
2158  17
3193  17
2143  17
4279  17
2644  17
3504  18
7786  18
1763  18
7646  18
1433  18
1172  18
2989  18
2803  18
3233  18
619  18
722  19
1761  19
926  19
3057  19
697  19
731  19
3714  19
2998  19
3040  19
1709  19
776  20
2988  20
2927  20
2796  20
787  20
1237  20
1975  20
2763  20
1452  20
796  20
865  21
905  21
2720  21
2896  21
2069  21
1986  21
2680  21
1583  21
953  21
1015  21
969  22
5056  22
964  22
7754  22
7248  22
963  22
988  22
2830  22
959  22
1381  22
5091  23
4718  23
1067  23
4133  23
1068  23
1050  23
1056  23
4164  23
8352  23
7569  23
5202  24
2412  24
2307  24
2202  24
1168  24
1163  24
1517  24
2793  24
1204  24
1181  24
2026  25
2936  25
3513  25
5741  25
3049  25
2812  25
6796  25
2701  25
2961  25
2653  25
2221  26
2373  26
2200  26
2230  26
2605  26
6835  26
2890  26
2572  26
2540  26
1631  26
1651  27
1682  27
1777  27
1554  27
2237  27
1711  27
6236  27
2936  27
2820  27
6361  27
2240  28
2628  28
2313  28
1702  28
1811  28
7591  28
1863  28
2600  28
6583  28
1724  28
2375  29
2029  29
2032  29
1922  29
2442  29
1941  29
2454  29
2183  29
2037  29
5881  29
2194  30
2057  30
6074  30
2173  30
2043  30
2109  30
2098  30
2119  30
2063  30
2302  30
2229  31
2075  31
2139  31
5903  31
2097  31
2115  31
2073  31
2141  31
2140  31
2119  31
2294  32
2399  32
2489  32
2447  32
2341  32
2550  32
3379  32
2364  32
2298  32
2215  32
2673  33
2602  33
2356  33
3384  33
2436  33
2377  33
2432  33
4388  33
2522  33
2494  33
3776  34
2648  34
2874  34
2907  34
3210  34
2627  34
2630  34
4121  34
7236  34
3183  34
3290  35
3166  35
2996  35
3961  35
3590  35
2780  35
2939  35
2847  35
7510  35
8763  35
3080  36
3161  36
3619  36
3471  36
3348  36
3159  36
3093  36
2973  36
2895  36
3101  36
3244  37
4785  37
3103  37
3201  37
3367  37
3875  37
3687  37
3478  37
3380  37
4059  37
3432  38
3479  38
4075  38
3890  38
3760  38
3550  38
3444  38
3334  38
3261  38
3276  38
3459  39
7466  39
3523  39
3771  39
4107  39
4139  39
3779  39
6385  39
3720  39
3800  39
3855  40
4327  40
5793  40
3737  40
3698  40
4456  40
4249  40
4301  40
4062  40
3892  40
3983  41
4794  41
5159  41
4269  41
4091  41
4393  41
4345  41
4102  41
4021  41
4071  41
4231  42
4252  42
6205  42
4438  42
4323  42
4106  42
4357  42
4200  42
5877  42
4884  42
4847  43
4857  43
4413  43
4466  43
7575  43
4675  43
4514  43
4275  43
4537  43
4756  43
4778  44
4818  44
4929  44
5026  44
5063  44
4807  44
4801  44
4786  44
6006  44
4942  44
7334  45
5598  45
5527  45
5391  45
5046  45
5090  45
4979  45
7197  45
5598  45
5210  45
5199  46
5159  46
4959  46
5373  46
5257  46
5100  46
5396  46
5591  46
5516  46
5392  46
6765  47
6190  47
5356  47
7189  47
7201  47
5567  47
5435  47
5511  47
5388  47
6703  47
5770  48
5603  48
6022  48
5879  48
5807  48
6093  48
6914  48
6488  48
6073  48
5704  48
5742  49
5995  49
6929  49
6029  49
6091  49
6694  49
6032  49
5909  49
6025  49
6745  49
6530  50
7262  50
7402  50
6636  50
6733  50
6361  50
6385  50
6600  50
6409  50
7816  50
7719  51
7215  51
6698  51
6436  51
6369  51
7793  51
6653  51
9508  51
7597  51
6932  51
7435  52
7346  52
7126  52
7163  52
6828  52
8112  52
7470  52
7173  52
7281  52
7546  52
7321  53
7151  53
7598  53
7936  53
7506  53
8427  53
7906  53
7312  53
7523  53
7386  53
7854  54
8238  54
8156  54
8184  54
7954  54
8219  54
8050  54
8779  54
8242  54
7616  54
7584  55
7705  55
8521  55
8877  55
8286  55
7792  55
8530  55
8286  55
8260  55
7918  55
9037  56
8479  56
8088  56
7944  56
8734  56
8206  56
8415  56
8262  56
8145  56
8404  56
8937  57
8659  57
9325  57
9532  57
8781  57
10708  57
11173  57
8773  57
8338  57
8382  57
8423  58
9775  58
10030  58
9779  58
9341  58
10028  58
9331  58
9449  58
9873  58
9304  58
9223  59
9857  59
10077  59
10479  59
10128  59
9893  59
9895  59
10560  59
9584  59
9381  59
9956  60
9362  60
9584  60
10307  60
9582  60
9285  60
9589  60
10229  60
10923  60
9680  60
9697  61
10310  61
9893  61
10131  61
10378  61
10425  61
11440  61
10168  61
13589  61
10166  61
12445  62
12876  62
11148  62
15537  62
13537  62
8305  62
10681  62
11260  62
11154  62
10526  62
11306  63
11731  63
11375  63
10631  63
10671  63
10674  63
10964  63
11320  63
10500  63
14224  63
11043  64
10968  64
11113  64
10945  64
10968  64
11238  64
11575  64
11798  64
11782  64
11702  64
12459  65
12491  65
11927  65
11543  65
11615  65
13041  65
12076  65
12960  65
12633  65
12094  65
13023  66
12409  66
13501  66
12116  66
13611  66
11766  66
12086  66
14206  66
12492  66
12266  66
13145  67
12048  67
12497  67
12455  67
12516  67
12306  67
12995  67
12163  67
12766  67
13034  67
13019  68
13620  68
13397  68
13466  68
14407  68
13561  68
13575  68
12919  68
13283  68
12523  68
13609  69
12847  69
13243  69
13316  69
13395  69
13122  69
13559  69
16479  69
14565  69
14602  69
13949  70
13188  70
13856  70
13952  70
19077  70
14411  70
13298  70
15529  70
15409  70
14792  70
15612  71
14970  71
15259  71
14813  71
14516  71
14467  71
14833  71
14788  71
14946  71
14684  71
15441  72
15053  72
15386  72
15267  72
15040  72
14752  72
14308  72
15160  72
15483  72
15321  72
16114  73
15470  73
16532  73
16112  73
16317  73
14891  73
19861  73
15827  73
15974  73
16039  73
16577  74
20508  74
17029  74
16107  74
15619  74
16709  74
15650  74
16005  74
16929  74
15609  74
16858  75
17141  75
17100  75
17241  75
17211  75
16878  75
17149  75
15491  75
17036  75
17190  75
17665  76
16707  76
16332  76
18038  76
17366  76
16267  76
18181  76
17298  76
18230  76
17170  76
21868  77
18605  77
17884  77
21085  77
20585  77
17023  77
22863  77
17429  77
17496  77
16836  77
18033  78
17512  78
17770  78
18197  78
17420  78
17972  78
18936  78
18873  78
18889  78
18741  78
19096  79
19191  79
19013  79
18609  79
19745  79
18853  79
17945  79
20747  79
18698  79
18308  79
18843  80
18275  80
22296  80
20596  80
19682  80
18685  80
20570  80
18920  80
18588  80
19159  80
19401  81
21121  81
20355  81
20191  81
19042  81
19084  81
18729  81
19918  81
21334  81
20125  81
19876  82
20499  82
20971  82
21843  82
20161  82
20335  82
20080  82
20231  82
20561  82
20484  82
42212  83
20544  83
21090  83
22257  83
21587  83
20520  83
20852  83
20565  83
20905  83
20720  83
21771  84
21766  84
21725  84
22506  84
22741  84
21757  84
22372  84
21782  84
22583  84
22027  84
21573  85
20806  85
21695  85
23592  85
22106  85
43595  85
22671  85
23387  85
22300  85
22894  85
22113  86
21673  86
21360  86
22395  86
22059  86
21863  86
22084  86
21839  86
22035  86
21812  86
22465  87
22831  87
22944  87
23035  87
23038  87
24167  87
23877  87
22641  87
25069  87
25126  87
24889  88
29610  88
23063  88
23269  88
23104  88
23366  88
22866  88
26380  88
23098  88
23504  88
25515  89
25309  89
25227  89
25432  89
24646  89
23948  89
26186  89
24892  89
29931  89
23929  89
26993  90
25355  90
24516  90
26244  90
23936  90
24913  90
24533  90
24588  90
24465  90
24298  90
26087  91
27009  91
25049  91
24654  91
27622  91
26032  91
26569  91
27122  91
26812  91
26446  91
27103  92
29187  92
27140  92
26677  92
25599  92
29633  92
30254  92
26140  92
27098  92
26791  92
28377  93
26447  93
27305  93
27551  93
27194  93
26861  93
27654  93
27933  93
28305  93
26162  93
27132  94
26705  94
30199  94
27645  94
26611  94
27463  94
27344  94
26985  94
35712  94
29377  94
29522  95
30530  95
27428  95
27723  95
27899  95
28006  95
27746  95
27739  95
28067  95
27641  95
31000  96
27747  96
30368  96
29689  96
31610  96
32396  96
27896  96
28299  96
39667  96
30450  96
28053  97
28718  97
31580  97
28766  97
28675  97
28796  97
29241  97
29325  97
28838  97
29335  97
30008  98
30396  98
31837  98
32383  98
34629  98
30679  98
29286  98
29676  98
43559  98
31126  98
30475  99
30127  99
30702  99
30405  99
32881  99
32362  99
32812  99
32326  99
31277  99
32124  99
33151  100
30377  100
30670  100
32781  100
31139  100
34270  100
33377  100
33134  100
32825  100
32932  100
31349  101
31155  101
31049  101
31583  101
31668  101
32369  101
32391  101
34479  101
33502  101
33962  101
32308  102
36204  102
35130  102
35520  102
44879  102
34588  102
31837  102
31568  102
32687  102
32117  102
36320  103
34528  103
35209  103
35074  103
33115  103
32190  103
32814  103
33097  103
37748  103
33097  103
33736  104
36191  104
43025  104
35220  104
34151  104
34539  104
34121  104
33716  104
34592  104
34569  104
34682  105
35564  105
34409  105
33804  105
34494  105
37660  105
39244  105
36801  105
37293  105
44095  105
37697  106
35281  106
34845  106
34603  106
37728  106
35200  106
35336  106
35875  106
35596  106
35290  106
35757  107
36388  107
35478  107
36127  107
36218  107
36152  107
41382  107
34967  107
38120  107
36466  107
36676  108
37111  108
36880  108
36854  108
37534  108
36546  108
37598  108
36649  108
36676  108
38435  108
39339  109
38395  109
50637  109
36675  109
37900  109
38131  109
38427  109
37808  109
37906  109
39581  109
38340  110
39609  110
40212  110
41446  110
40095  110
40809  110
38097  110
38695  110
43672  110
39024  110
38929  111
38887  111
38867  111
38857  111
38672  111
39372  111
39025  111
38918  111
39260  111
39684  111
44573  112
43627  112
43186  112
39982  112
39901  112
39466  112
40126  112
40007  112
40095  112
40188  112
44383  113
42842  113
39774  113
40834  113
46049  113
43896  113
41471  113
44737  113
46841  113
40822  113
43151  114
41936  114
41432  114
41943  114
41768  114
42679  114
41357  114
41899  114
42732  114
41680  114
45563  115
48929  115
44733  115
42957  115
45670  115
42050  115
44766  115
45717  115
44862  115
44510  115
45366  116
42450  116
43281  116
45532  116
48205  116
58748  116
43600  116
42913  116
43370  116
42690  116
44584  117
43341  117
44272  117
43320  117
43541  117
44317  117
48220  117
44672  117
44444  117
46917  117
51099  118
44853  118
44925  118
44806  118
45163  118
45314  118
44752  118
45009  118
47959  118
48558  118
51781  119
47462  119
46914  119
53945  119
46394  119
45857  119
48401  119
47960  119
45656  119
46318  119
47173  120
46166  120
49531  120
49405  120
51041  120
50808  120
57297  120
45536  120
46457  120
45667  120
47148  121
47656  121
46894  121
47265  121
47012  121
47327  121
51141  121
50596  121
51560  121
46806  121
52500  122
49214  122
47627  122
47835  122
52359  122
51259  122
48806  122
49605  122
49264  122
53238  122
53878  123
52384  123
54804  123
49249  123
48319  123
48981  123
49465  123
48789  123
48627  123
49846  123
52274  124
51801  124
51813  124
51035  124
64650  124
50304  124
51123  124
50122  124
49282  124
50657  124
53812  125
55059  125
54602  125
51897  125
50563  125
50627  125
54146  125
50833  125
53673  125
51650  125
52027  126
52158  126
52153  126
53052  126
54227  126
55326  126
52019  126
54301  126
58265  126
52833  126
54361  127
54271  127
54839  127
53337  127
53565  127
56237  127
53007  127
54674  127
54133  127
55267  127
53945  128
54547  128
53714  128
53525  128
53303  128
53873  128
54402  128
53971  128
58238  128
58364  128
56656  129
57488  129
58445  129
54778  129
56253  129
54481  129
54405  129
54276  129
55374  129
57451  129
59518  130
61722  130
61900  130
56914  130
56799  130
56570  130
55431  130
55859  130
56080  130
54989  130
55908  131
58103  131
58530  131
57640  131
60417  131
57109  131
56875  131
55887  131
56903  131
56864  131
58265  132
59167  132
58093  132
58557  132
62843  132
64936  132
60867  132
58681  132
56734  132
56746  132
61296  133
59302  133
61852  133
58220  133
59392  133
68469  133
61155  133
57480  133
59666  133
59267  133
61120  134
60486  134
58916  134
63414  134
59456  134
67427  134
59256  134
58651  134
59037  134
62133  134
63031  135
60988  135
61920  135
61631  135
61505  135
60413  135
73254  135
59509  135
62583  135
63134  135
63800  136
63404  136
63442  136
59962  136
60823  136
60589  136
69026  136
60729  136
60375  136
60716  136
61204  137
63601  137
63636  137
61950  137
63474  137
64776  137
62727  137
62065  137
61807  137
60890  137
62858  138
63854  138
62982  138
62558  138
63163  138
65071  138
68302  138
63493  138
66911  138
65308  138
67591  139
66090  139
66790  139
66845  139
70371  139
64551  139
71103  139
66926  139
63890  139
63714  139
69969  140
68451  140
66998  140
69190  140
69420  140
69133  140
66694  140
67560  140
67459  140
68318  140
69149  141
69622  141
73678  141
66585  141
69486  141
61233  141
68750  141
66334  141
65750  141
66629  141
67218  142
68481  142
74108  142
72936  142
74844  142
66237  142
65726  142
69941  142
70537  142
69914  142
70814  143
69300  143
67715  143
90542  143
67853  143
67492  143
68079  143
68126  143
68548  143
67684  143
74057  144
75010  144
85442  144
71831  144
68364  144
68902  144
69287  144
68395  144
68930  144
70186  144
75180  145
74688  145
69512  145
69037  145
69344  145
68851  145
69568  145
69431  145
70814  145
69803  145
79269  146
70877  146
70578  146
70729  146
70694  146
71603  146
71941  146
71472  146
77435  146
83622  146
74033  147
72063  147
71676  147
71202  147
71703  147
70925  147
72724  147
72407  147
76917  147
71911  147
72975  148
72312  148
71905  148
76322  148
76828  148
74856  148
74959  148
74059  148
73160  148
72713  148
74184  149
74002  149
73379  149
78957  149
77195  149
90898  149
76267  149
76765  149
76513  149
75669  149
75115  150
75239  150
77200  150
77050  150
79692  150
78429  150
77389  150
77896  150
74362  150
75324  150
82037  151
83280  151
87406  151
77823  151
78405  151
78707  151
78612  151
80267  151
75973  151
81912  151
84300  152
80879  152
79018  152
79808  152
76649  152
80859  152
81625  152
79240  152
81955  152
76781  152
78886  153
78427  153
78845  153
82561  153
79748  153
79762  153
81813  153
83466  153
82483  153
78364  153
79622  154
79297  154
83386  154
87589  154
86260  154
81383  154
79935  154
79649  154
79086  154
79578  154
85241  155
85387  155
85483  155
85749  155
83597  155
84435  155
79128  155
79757  155
81236  155
85772  155
87317  156
86411  156
84597  156
80626  156
82341  156
86158  156
85467  156
86696  156
84663  156
81445  156
82466  157
84050  157
80535  157
83341  157
90330  157
88818  157
81627  157
81379  157
82227  157
82491  157
83887  158
88722  158
90060  158
93001  158
86429  158
87393  158
85229  158
83637  158
85824  158
84742  158
93413  159
85115  159
84926  159
89550  159
88957  159
87105  159
87949  159
90823  159
95367  159
84453  159
85473  160
87297  160
86465  160
93364  160
87913  160
94625  160
91818  160
90063  160
90560  160
90728  160
89714  161
92592  161
101241  161
86153  161
92145  161
91547  161
85788  161
87933  161
90665  161
95530  161
91327  162
93359  162
91877  162
90917  162
96643  162
96921  162
103062  162
88678  162
90385  162
90511  162
92074  163
89661  163
93945  163
94251  163
92787  163
88781  163
89629  163
89411  163
94179  163
92221  163
92423  164
98370  164
90321  164
90349  164
90968  164
92086  164
104679  164
92208  164
93178  164
91921  164
94835  165
94829  165
91801  165
93087  165
95599  165
99052  165
94479  165
92868  165
97632  165
96442  165
96094  166
98228  166
98021  166
95671  166
92501  166
93779  166
93224  166
97131  166
102040  166
94236  166
100807  167
99217  167
94640  167
102401  167
100140  167
94502  167
92956  167
93753  167
93134  167
94112  167
101567  168
98467  168
99199  168
95225  168
96893  168
97559  168
96230  168
97242  168
96270  168
94887  168
96779  169
101419  169
101114  169
99254  169
99536  169
97893  169
97639  169
97982  169
97500  169
98461  169
101762  170
102741  170
99044  170
100630  170
99537  170
96773  170
97747  170
99463  170
105571  170
98455  170
99978  171
104727  171
100753  171
104604  171
103162  171
98582  171
98462  171
102597  171
97464  171
102365  171
105616  172
108800  172
104833  172
98416  172
100079  172
100325  172
101089  172
104184  172
108789  172
104178  172
104265  173
104363  173
102132  173
107124  173
103485  173
104605  173
99729  173
101169  173
101396  173
106171  173
102054  174
102365  174
101337  174
101720  174
105731  174
105017  174
103807  174
102707  174
100716  174
105338  174
103633  175
102027  175
109617  175
104740  175
102574  175
103401  175
103065  175
106534  175
109232  175
114709  175
106652  176
107578  176
107276  176
106842  176
106108  176
105980  176
105933  176
103824  176
103442  176
108207  176
115179  177
104975  177
110009  177
103320  177
103716  177
104632  177
107738  177
107209  177
106445  177
105538  177
109481  178
106806  178
109292  178
108492  178
105480  178
104787  178
105862  178
106541  178
106492  178
111582  178
103949  179
106152  179
110432  179
110546  179
107120  179
108719  179
107133  179
107217  179
106716  179
110604  179
110113  180
114922  180
108265  180
107582  180
108214  180
108590  180
111835  180
113280  180
107382  180
108819  180
109156  181
109557  181
109641  181
108276  181
108542  181
109404  181
108641  181
108102  181
111540  181
115572  181
109309  182
109877  182
109599  182
109765  182
112785  182
121972  182
109142  182
109569  182
110378  182
109928  182
115732  183
116360  183
109713  183
111157  183
114487  183
111487  183
116632  183
118826  183
113201  183
114648  183
112931  184
113390  184
118435  184
113818  184
114750  184
110223  184
110013  184
112277  184
112716  184
110797  184
111072  185
115235  185
114472  185
116369  185
118642  185
114250  185
114781  185
112835  185
115641  185
117755  185
118658  186
115667  186
113833  186
111872  186
114356  186
113633  186
115395  186
112618  186
114091  186
115324  186
115348  187
116005  187
113879  187
114000  187
117766  187
117623  187
114149  187
117868  187
115718  187
114711  187
120029  188
119704  188
115728  188
115743  188
119288  188
114295  188
115249  188
116260  188
123036  188
117944  188
114569  189
116778  189
117879  189
122375  189
116837  189
115166  189
120247  189
119752  189
118828  189
118528  189
116366  190
116589  190
118600  190
115919  190
122079  190
114507  190
116122  190
117674  190
118812  190
122688  190
131135  191
121456  191
116175  191
122987  191
120912  191
124000  191
121041  191
121366  191
115516  191
118663  191
118833  192
121554  192
119638  192
121908  192
118459  192
120219  192
128419  192
122868  192
117745  192
117734  192
124688  193
125462  193
119136  193
123577  193
123457  193
123797  193
122750  193
123528  193
119582  193
120502  193
121281  194
124959  194
121758  194
120386  194
120008  194
120088  194
122397  194
119824  194
120999  194
119979  194
122827  195
123267  195
128031  195
129112  195
120580  195
123695  195
122874  195
122038  195
125645  195
121801  195
122760  196
123612  196
124902  196
124185  196
126350  196
126977  196
122156  196
123088  196
121663  196
120719  196
122588  197
128019  197
127513  197
123430  197
126562  197
122285  197
124551  197
123094  197
125485  197
128525  197
125327  198
125084  198
123920  198
125937  198
127383  198
123200  198
124104  198
129136  198
123493  198
132129  198
128789  199
129380  199
125558  199
127005  199
126921  199
128514  199
130449  199
123968  199
123504  199
129459  199
124761  200
126289  200
131422  200
127014  200
128929  200
131065  200
126920  200
127708  200
125259  200
126548  200
132445  201
131037  201
130391  201
131405  201
132445  201
124192  201
131063  201
127767  201
125665  201
128339  201
129357  202
127241  202
131477  202
126365  202
129297  202
126527  202
128230  202
127932  202
128329  202
129626  202
140769  203
132413  203
132746  203
126776  203
129298  203
132411  203
133369  203
132349  203
128374  203
129979  203
133099  204
133420  204
129997  204
129758  204
130083  204
132435  204
128383  204
128570  204
135461  204
136914  204
131355  205
129624  205
129383  205
135368  205
135996  205
128131  205
129474  205
131814  205
130780  205
131138  205
132500  206
130755  206
136124  206
130778  206
134737  206
137104  206
135641  206
132079  206
130318  206
136666  206
132302  207
133028  207
131022  207
135358  207
139361  207
136137  207
131631  207
137884  207
133092  207
133177  207
133915  208
137869  208
138635  208
135086  208
132643  208
132321  208
137747  208
131107  208
133708  208
132810  208
139229  209
139811  209
141714  209
134640  209
133324  209
134318  209
133683  209
135046  209
138376  209
133425  209
137956  210
138033  210
146740  210
139901  210
139732  210
140253  210
137780  210
137321  210
134154  210
133042  210
134763  211
135680  211
144969  211
134752  211
138901  211
141987  211
148297  211
141419  211
141394  211
135325  211
139179  212
143279  212
135247  212
135613  212
142835  212
143970  212
137345  212
135580  212
135556  212
136060  212
147592  213
143085  213
141665  213
136965  213
138543  213
142852  213
134096  213
137017  213
137881  213
135020  213
140646  214
136689  214
138456  214
145754  214
139311  214
136784  214
143084  214
136487  214
138610  214
136419  214
137385  215
140575  215
141435  215
139649  215
141650  215
140361  215
136970  215
139523  215
150478  215
143779  215
138906  216
145848  216
139762  216
145914  216
144745  216
136728  216
138566  216
148444  216
144687  216
137438  216
145984  217
141933  217
141648  217
142859  217
147143  217
139601  217
142057  217
140849  217
141859  217
140405  217
143129  218
142789  218
143138  218
138833  218
142121  218
145572  218
140631  218
143483  218
140685  218
142132  218
139883  219
143914  219
144785  219
144721  219
147437  219
141465  219
145548  219
146440  219
143670  219
141204  219
145925  220
141637  220
143720  220
147510  220
143200  220
146140  220
141074  220
153151  220
143337  220
149684  220
143700  221
145032  221
142796  221
142312  221
143163  221
151040  221
162112  221
143556  221
150472  221
141574  221
144011  222
145087  222
143583  222
151201  222
144507  222
143371  222
147909  222
147554  222
144308  222
154879  222
154523  223
145532  223
153872  223
152976  223
151849  223
147878  223
145952  223
153592  223
151968  223
152512  223
145014  224
146497  224
146375  224
147853  224
154037  224
146740  224
148547  224
146795  224
154149  224
144987  224
150066  225
150449  225
147644  225
152860  225
148244  225
151573  225
150201  225
147337  225
155456  225
152789  225
147616  226
155372  226
147345  226
153399  226
148761  226
152484  226
147402  226
151682  226
152412  226
152641  226
151633  227
149266  227
149776  227
148730  227
153446  227
158090  227
147700  227
149037  227
153077  227
149376  227
161720  228
158027  228
148270  228
158264  228
161621  228
154084  228
148494  228
158243  228
154433  228
150687  228
154611  229
150352  229
151396  229
155191  229
150568  229
159682  229
152534  229
148890  229
151400  229
159203  229
164374  230
157558  230
159453  230
151601  230
151769  230
162962  230
149712  230
159736  230
150570  230
162574  230
149722  231
151887  231
164179  231
164663  231
160465  231
152154  231
152713  231
160938  231
160844  231
151844  231
154112  232
167378  232
161516  232
151027  232
162117  232
159599  232
163091  232
160335  232
152429  232
154261  232
153282  233
162196  233
152928  233
165995  233
153628  233
158156  233
154246  233
159874  233
153467  233
161929  233
155176  234
159008  234
154724  234
160505  234
154889  234
170688  234
152933  234
163653  234
154213  234
173085  234
155787  235
160444  235
154121  235
170760  235
155013  235
155196  235
168041  235
159167  235
155473  235
160517  235
160335  236
176314  236
165464  236
166854  236
157397  236
165779  236
160486  236
156074  236
160203  236
170175  236
166709  237
156486  237
158080  237
157934  237
159821  237
157745  237
162418  237
158896  237
158747  237
167360  237
158693  238
169083  238
162703  238
159680  238
159272  238
160206  238
158117  238
164474  238
170093  238
158682  238
164155  239
160516  239
174798  239
168400  239
157094  239
169224  239
167463  239
168123  239
158608  239
160800  239
158324  240
160032  240
169778  240
160730  240
166025  240
157851  240
170191  240
158998  240
159700  240
160082  240
167936  241
171896  241
169444  241
170138  241
160721  241
175009  241
172022  241
167030  241
162412  241
166102  241
163430  242
172960  242
174204  242
162594  242
159999  242
162908  242
169442  242
164404  242
173360  242
161319  242
176135  243
164377  243
168368  243
164749  243
169459  243
169604  243
165200  243
171430  243
158987  243
174333  243
164830  244
165650  244
173491  244
170631  244
164258  244
167481  244
164243  244
175173  244
165081  244
170805  244
175062  245
163731  245
165752  245
165060  245
166074  245
167517  245
165704  245
171024  245
164964  245
176702  245
180102  246
173339  246
165427  246
169239  246
179805  246
173324  246
165797  246
166118  246
166535  246
166190  246
175449  247
184525  247
177526  247
167229  247
167652  247
187963  247
165436  247
176561  247
166354  247
166841  247
167266  248
175982  248
170544  248
167399  248
180542  248
171397  248
165280  248
167131  248
169921  248
169676  248
169289  249
175102  249
176741  249
173512  249
170909  249
175485  249
169778  249
171744  249
169272  249
175279  249
179907  250
171911  250
177385  250
170983  250
188550  250
181930  250
169299  250
170223  250
172774  250
171210  250
181741  251
188033  251
172685  251
176301  251
181911  251
178038  251
169518  251
171690  251
174747  251
170566  251
178854  252
171886  252
177400  252
173528  252
183399  252
187243  252
183535  252
171261  252
187319  252
182913  252
170706  253
173273  253
182286  253
183050  253
171248  253
177080  253
172769  253
173002  253
183282  253
188530  253
185181  254
179801  254
175308  254
196025  254
172050  254
173321  254
183756  254
172085  254
185128  254
175335  254
167738  255
174658  255
184836  255
193696  255
174752  255
181795  255
179076  255
173044  255
185727  255
185492  255
191228  256
185573  256
174450  256
175648  256
187403  256
181287  256
184133  256
177604  256
174963  256
175905  256
192774  257
176462  257
177704  257
188816  257
188104  257
189685  257
174625  257
177855  257
176584  257
184261  257
180619  258
177015  258
180435  258
177991  258
182550  258
178161  258
189083  258
176944  258
177818  258
185171  258
180682  259
195887  259
190309  259
185018  259
185864  259
180238  259
185396  259
180871  259
185628  259
177838  259
191058  260
188961  260
191771  260
178142  260
184420  260
180245  260
179975  260
188135  260
182899  260
190403  260
184315  261
182300  261
180012  261
179607  261
182662  261
180106  261
181986  261
192029  261
182537  261
180959  261
193401  262
196042  262
179467  262
194244  262
194507  262
199410  262
191221  262
190163  262
196933  262
194399  262
189845  263
183202  263
182515  263
194844  263
182743  263
193968  263
193295  263
181377  263
184725  263
183905  263
198104  264
200240  264
194688  264
191490  264
185855  264
184182  264
191986  264
186258  264
192887  264
196444  264
182395  265
193238  265
184637  265
197516  265
189010  265
184309  265
198139  265
185826  265
196813  265
182386  265
199060  266
189822  266
186668  266
188446  266
190281  266
192368  266
186008  266
187141  266
195167  266
186172  266
197765  267
195780  267
195845  267
198234  267
204741  267
186176  267
199222  267
190753  267
187002  267
199730  267
187597  268
200322  268
196665  268
207892  268
201696  268
187340  268
192506  268
182819  268
187715  268
188799  268
194224  269
190687  269
202883  269
192171  269
202838  269
189547  269
191476  269
197749  269
187888  269
207107  269
189488  270
189174  270
205045  270
196669  270
197690  270
192185  270
194380  270
189355  270
191219  270
209862  270
191667  271
191966  271
195950  271
202661  271
203595  271
190982  271
203382  271
202298  271
191048  271
191638  271
206320  272
206375  272
191055  272
192527  272
207772  272
211005  272
191371  272
206917  272
208645  272
200001  272
206004  273
211523  273
205313  273
203139  273
196699  273
191104  273
204613  273
193843  273
191867  273
192349  273
195146  274
205536  274
191459  274
213097  274
191667  274
204603  274
201291  274
207667  274
206162  274
196383  274
194797  275
206211  275
195303  275
198803  275
205733  275
209580  275
195179  275
195975  275
195129  275
212943  275
207283  276
209780  276
211604  276
193980  276
197862  276
214640  276
195811  276
196371  276
202034  276
195538  276
196833  277
203504  277
207189  277
196453  277
216220  277
197764  277
199443  277
201885  277
197733  277
199932  277
215990  278
195800  278
206664  278
198270  278
208830  278
211914  278
203746  278
208630  278
197395  278
212976  278
199177  279
202068  279
216610  279
199455  279
200470  279
200051  279
201378  279
213281  279
201187  279
216223  279
215701  280
218393  280
199927  280
202333  280
203524  280
207871  280
200660  280
203444  280
202899  280
202518  280
219759  281
203884  281
201185  281
204348  281
201970  281
202688  281
205289  281
217366  281
202393  281
205091  281
213864  282
205377  282
220651  282
202266  282
204229  282
206862  282
215585  282
204198  282
222782  282
204739  282
205472  283
221680  283
204417  283
204708  283
200256  283
212351  283
204015  283
220522  283
210721  283
213418  283
208130  284
211534  284
207451  284
206626  284
213091  284
204404  284
207283  284
221365  284
220067  284
215952  284
224120  285
219705  285
209546  285
218052  285
222760  285
209565  285
221469  285
206017  285
207718  285
205558  285
213991  286
213705  286
207190  286
209721  286
228518  286
216633  286
218960  286
211192  286
206124  286
210064  286
235711  287
206366  287
210177  287
209548  287
210374  287
222416  287
229689  287
222130  287
200342  287
225375  287
209473  288
210910  288
219817  288
225810  288
226094  288
207180  288
213321  288
210121  288
210789  288
219655  288
212210  289
227098  289
209642  289
215768  289
221544  289
210423  289
213822  289
227262  289
223773  289
218497  289
211626  290
214407  290
236676  290
213510  290
225020  290
223449  290
224341  290
216674  290
210292  290
223773  290
232700  291
228009  291
212313  291
215269  291
227658  291
212656  291
213454  291
214793  291
212125  291
237482  291
213863  292
213525  292
232887  292
227321  292
212697  292
212777  292
214610  292
215261  292
231484  292
213590  292
236135  293
228514  293
231079  293
217797  293
226903  293
213865  293
216178  293
215871  293
230638  293
218406  293
229664  294
233060  294
217716  294
215130  294
219258  294
218739  294
216102  294
219865  294
214192  294
217254  294
230657  295
234837  295
232334  295
228234  295
234560  295
217749  295
243356  295
216915  295
226249  295
234178  295
218300  296
222838  296
233662  296
219879  296
223591  296
234114  296
218619  296
227007  296
236367  296
235294  296
217383  297
220267  297
222787  297
237941  297
232307  297
220431  297
234646  297
234560  297
230553  297
218194  297
223589  298
226719  298
236497  298
222046  298
219640  298
234170  298
219928  298
239652  298
219926  298
226222  298
239925  299
221231  299
244365  299
221431  299
235907  299
217071  299
221757  299
236119  299
238985  299
233730  299
227403  300
223070  300
224061  300
229935  300
223834  300
240100  300
243662  300
236869  300
222196  300
225446  300
