77  7
79  7
82  7
59  7
59  7
60  7
77  7
72  7
70  7
84  7
83  8
84  8
92  8
84  8
81  8
87  8
76  8
68  8
80  8
84  8
87  9
86  9
87  9
89  9
94  9
88  9
87  9
104  9
85  9
85  9
144  10
113  10
112  10
163  10
134  10
109  10
114  10
124  10
126  10
128  10
199  11
185  11
249  11
209  11
150  11
137  11
141  11
141  11
145  11
163  11
268  12
173  12
174  12
173  12
173  12
171  12
176  12
212  12
221  12
267  12
337  13
275  13
234  13
210  13
212  13
243  13
211  13
206  13
235  13
234  13
248  14
250  14
251  14
301  14
301  14
295  14
322  14
329  14
296  14
294  14
395  15
396  15
313  15
309  15
364  15
373  15
388  15
407  15
354  15
350  15
344  16
342  16
339  16
346  16
338  16
342  16
426  16
439  16
357  16
343  16
396  17
428  17
427  17
390  17
400  17
397  17
393  17
392  17
486  17
394  17
475  18
1564  18
2112  18
2165  18
2502  18
1138  18
2320  18
3025  18
2392  18
599  18
1600  19
7093  19
3771  19
1624  19
3705  19
7709  19
1059  19
3073  19
581  19
909  19
7513  20
4900  20
7697  20
1963  20
3726  20
4933  20
591  20
4619  20
6717  20
1726  20
665  21
1815  21
676  21
843  21
1782  21
7704  21
7671  21
695  21
706  21
2912  21
4033  22
8593  22
3646  22
857  22
2714  22
1902  22
819  22
737  22
2035  22
964  22
3125  23
2503  23
2284  23
10403  23
2206  23
805  23
1287  23
1020  23
1034  23
2520  23
2144  24
1052  24
2529  24
2762  24
2679  24
1489  24
887  24
904  24
891  24
1700  24
3659  25
3029  25
982  25
2609  25
3983  25
2477  25
6069  25
1596  25
983  25
984  25
1955  26
1147  26
2784  26
2627  26
2531  26
1097  26
2964  26
2153  26
2361  26
1083  26
2890  27
2416  27
5399  27
1171  27
2895  27
2322  27
2055  27
1404  27
2404  27
3650  27
1258  28
1387  28
1643  28
1368  28
1964  28
1282  28
1889  28
5956  28
2315  28
1816  28
1369  29
3012  29
1947  29
1397  29
2305  29
1840  29
1953  29
1365  29
1484  29
1536  29
3571  30
1537  30
2591  30
2334  30
1522  30
1832  30
5732  30
3185  30
1506  30
1503  30
1731  31
3129  31
2991  31
1858  31
1948  31
1894  31
1596  31
1738  31
1888  31
2013  31
5499  32
1714  32
3424  32
2899  32
1744  32
2070  32
2016  32
1804  32
7524  32
3771  32
1871  33
2058  33
2317  33
1849  33
2836  33
1868  33
7597  33
6417  33
2005  33
1980  33
2413  34
2254  34
2198  34
2850  34
1974  34
2021  34
2001  34
3325  34
1969  34
4276  34
2080  35
2214  35
2083  35
3520  35
2427  35
4618  35
2097  35
2089  35
5332  35
3491  35
2265  36
2231  36
2227  36
2410  36
2395  36
2243  36
2320  36
2254  36
2764  36
2961  36
2625  37
2617  37
2556  37
2647  37
2508  37
2525  37
2513  37
2547  37
2520  37
3326  37
2485  38
2605  38
2598  38
2623  38
7430  38
4267  38
2638  38
2555  38
2562  38
2714  38
2634  39
4001  39
2828  39
2764  39
2783  39
3469  39
3027  39
2970  39
4409  39
2618  39
3467  40
2815  40
6216  40
2839  40
3342  40
4921  40
2847  40
3333  40
2845  40
2870  40
5018  41
2984  41
3100  41
3172  41
7464  41
2944  41
3083  41
3017  41
3296  41
2941  41
3877  42
5368  42
3605  42
3310  42
3203  42
3152  42
3266  42
4892  42
3112  42
3240  42
3272  43
6022  43
3769  43
6334  43
3425  43
3394  43
3240  43
7427  43
5396  43
7379  43
4122  44
3624  44
3750  44
3496  44
3566  44
5779  44
3448  44
3673  44
3579  44
3525  44
3566  45
3769  45
3582  45
3574  45
3587  45
3694  45
5072  45
3683  45
3707  45
6241  45
7201  46
4430  46
4219  46
4309  46
5291  46
3763  46
3896  46
3933  46
4266  46
3957  46
4020  47
4077  47
3937  47
4241  47
4595  47
4337  47
4836  47
3986  47
4006  47
4235  47
4103  48
4100  48
4237  48
4319  48
5426  48
4348  48
4749  48
4764  48
4490  48
4364  48
4443  49
4576  49
5103  49
4661  49
4455  49
6139  49
4784  49
4563  49
5835  49
4923  49
6027  50
4924  50
7420  50
5229  50
4880  50
4638  50
4469  50
5974  50
4652  50
5089  50
5152  51
5525  51
5580  51
5377  51
7491  51
5092  51
5341  51
5078  51
4876  51
4787  51
5301  52
4891  52
5754  52
5296  52
6468  52
5803  52
5496  52
5121  52
4901  52
5029  52
5337  53
5656  53
5328  53
5548  53
6039  53
5977  53
5554  53
6624  53
7078  53
5174  53
5409  54
5889  54
6298  54
5903  54
5561  54
7891  54
5766  54
5485  54
5332  54
5657  54
6161  55
6606  55
5696  55
6336  55
5998  55
5993  55
6425  55
6346  55
5690  55
6078  55
6612  56
6438  56
6202  56
7417  56
6422  56
6964  56
6402  56
6263  56
7140  56
6500  56
6945  57
6431  57
6111  57
6209  57
6922  57
6572  57
7961  57
8533  57
9668  57
7594  57
6404  58
6779  58
6721  58
7742  58
6407  58
6739  58
6619  58
7048  58
7687  58
7138  58
7101  59
6635  59
7029  59
7046  59
6861  59
6697  59
6798  59
7004  59
7099  59
6731  59
7033  60
8128  60
7473  60
8828  60
7830  60
7587  60
6899  60
6819  60
7049  60
7411  60
7824  61
8140  61
7743  61
8863  61
7340  61
7344  61
7197  61
7301  61
7267  61
7205  61
7588  62
7584  62
9364  62
10611  62
7453  62
9103  62
8329  62
7709  62
8322  62
8043  62
7881  63
8234  63
14872  63
8312  63
7945  63
7773  63
7750  63
11232  63
7856  63
7975  63
8137  64
8128  64
8379  64
8290  64
8031  64
9011  64
8220  64
8336  64
8129  64
8243  64
8382  65
8026  65
9297  65
10474  65
8226  65
8250  65
8619  65
8845  65
8364  65
8436  65
8908  66
8755  66
9069  66
9081  66
8799  66
8693  66
8890  66
9681  66
9129  66
9214  66
9005  67
8909  67
11925  67
9524  67
8755  67
9124  67
9691  67
8808  67
10634  67
10072  67
9976  68
10001  68
9264  68
9302  68
10016  68
9159  68
9429  68
9601  68
9551  68
9345  68
9164  69
9983  69
9542  69
11552  69
10519  69
9489  69
12128  69
11179  69
10237  69
9374  69
10100  70
10252  70
9673  70
10114  70
11270  70
10684  70
10725  70
9810  70
9595  70
10620  70
11032  71
10791  71
10279  71
10243  71
10583  71
10624  71
13690  71
10519  71
10238  71
10429  71
13653  72
11650  72
18383  72
11119  72
10562  72
11092  72
11355  72
11640  72
12091  72
11444  72
11749  73
11468  73
11608  73
10855  73
11139  73
11954  73
12295  73
11662  73
11322  73
11717  73
11792  74
12126  74
12224  74
12095  74
12071  74
11570  74
11448  74
11350  74
11350  74
13167  74
11978  75
11544  75
12417  75
11196  75
12768  75
11659  75
12804  75
12591  75
12527  75
12790  75
13373  76
13583  76
12299  76
12198  76
11857  76
12218  76
12991  76
13411  76
13159  76
11556  76
12139  77
13579  77
13247  77
13588  77
13541  77
13309  77
14276  77
12094  77
13038  77
13360  77
13068  78
12273  78
14200  78
13834  78
12976  78
14414  78
13206  78
12841  78
13587  78
12608  78
15134  79
14563  79
13794  79
12955  79
14875  79
14062  79
16175  79
14318  79
14382  79
14805  79
16601  80
14230  80
14050  80
12922  80
13925  80
13490  80
14358  80
14036  80
14667  80
14169  80
13950  81
13858  81
14063  81
13518  81
13995  81
14354  81
14751  81
13763  81
14570  81
14034  81
14161  82
18812  82
14093  82
14722  82
14007  82
15736  82
13980  82
14820  82
14226  82
25420  82
14632  83
15447  83
15574  83
15457  83
15599  83
15678  83
15405  83
14607  83
14177  83
14905  83
15353  84
15826  84
15633  84
14950  84
15142  84
15250  84
15195  84
15317  84
15201  84
15311  84
16974  85
15243  85
16740  85
16231  85
15170  85
15053  85
15433  85
15664  85
16438  85
20614  85
15346  86
16211  86
17116  86
16329  86
15692  86
16508  86
16700  86
14906  86
15987  86
15797  86
17185  87
16894  87
16427  87
16987  87
16122  87
16554  87
16107  87
16439  87
16298  87
16353  87
16711  88
16876  88
12527  88
17816  88
17743  88
20300  88
16811  88
19243  88
16462  88
24572  88
18889  89
17904  89
16986  89
17273  89
17016  89
17315  89
17146  89
18015  89
17911  89
17700  89
18629  90
18225  90
17503  90
19482  90
17788  90
18394  90
17592  90
17761  90
17792  90
17645  90
18152  91
17840  91
19984  91
19124  91
19285  91
18045  91
22715  91
18003  91
17999  91
18814  91
20603  92
18812  92
18525  92
18388  92
19313  92
18673  92
18603  92
18752  92
18442  92
20619  92
19516  93
18080  93
18990  93
19294  93
20662  93
18939  93
20904  93
21212  93
19580  93
19504  93
25111  94
32034  94
19076  94
21549  94
19050  94
18942  94
18905  94
19653  94
19088  94
19512  94
19778  95
20446  95
19688  95
21125  95
21378  95
19721  95
22590  95
20263  95
19742  95
20628  95
21020  96
20437  96
20823  96
20081  96
19850  96
26523  96
24466  96
20783  96
20975  96
21892  96
21095  97
20422  97
20736  97
20973  97
22067  97
20309  97
20725  97
20649  97
20860  97
20745  97
21146  98
22324  98
24111  98
20984  98
23049  98
27013  98
21170  98
20839  98
22884  98
21714  98
22360  99
28654  99
21876  99
21805  99
21926  99
22307  99
21964  99
21861  99
21435  99
22638  99
22457  100
24404  100
22131  100
22663  100
21877  100
25067  100
23251  100
24647  100
22399  100
27267  100
23619  101
24742  101
26543  101
24948  101
22611  101
24943  101
22853  101
25394  101
22491  101
23669  101
22610  102
24622  102
23143  102
23082  102
23344  102
25266  102
22899  102
25266  102
24533  102
25590  102
23837  103
24748  103
25471  103
31659  103
23517  103
24814  103
23540  103
24734  103
23594  103
25149  103
24048  104
24933  104
24860  104
24948  104
25510  104
25126  104
24557  104
25599  104
24532  104
25300  104
29024  105
25018  105
24623  105
26951  105
25725  105
27405  105
24392  105
25456  105
24708  105
26975  105
25081  106
26188  106
26908  106
27892  106
24776  106
25906  106
25362  106
26233  106
24983  106
28449  106
29042  107
27149  107
26370  107
26188  107
34225  107
28944  107
25543  107
26731  107
25892  107
26208  107
26346  108
27194  108
26792  108
26519  108
26471  108
26398  108
26872  108
26786  108
29111  108
26574  108
27352  109
28167  109
27505  109
38878  109
27211  109
26865  109
26669  109
26955  109
26928  109
27771  109
29624  110
29548  110
29456  110
26953  110
28287  110
27211  110
29453  110
27119  110
27276  110
28863  110
31587  111
43060  111
27697  111
27602  111
27953  111
27415  111
28147  111
28086  111
28109  111
27610  111
31018  112
31464  112
28686  112
28592  112
32385  112
28622  112
30551  112
30242  112
31212  112
34283  112
29590  113
29926  113
29253  113
29150  113
30411  113
29612  113
29380  113
29127  113
29458  113
29589  113
30195  114
30069  114
34796  114
31265  114
32389  114
30127  114
38475  114
29532  114
30060  114
29738  114
30166  115
29787  115
30507  115
30775  115
30540  115
30340  115
30830  115
31016  115
33749  115
31439  115
32349  116
32274  116
32615  116
42907  116
31732  116
31761  116
31630  116
31069  116
31579  116
31390  116
32217  117
31946  117
31646  117
32089  117
32035  117
32180  117
39040  117
36491  117
33783  117
41781  117
31881  118
32262  118
34721  118
34771  118
34744  118
34969  118
36610  118
32204  118
32874  118
35359  118
31886  119
34794  119
34465  119
32864  119
33647  119
33855  119
33890  119
36038  119
35886  119
33473  119
33843  120
33956  120
34128  120
35223  120
33710  120
33953  120
36561  120
34313  120
37638  120
33516  120
39029  121
36228  121
34186  121
36020  121
35571  121
36866  121
36048  121
35839  121
35910  121
35820  121
37262  122
35837  122
38419  122
38051  122
35755  122
35320  122
43686  122
34999  122
34709  122
35353  122
37451  123
37592  123
38347  123
37568  123
38089  123
37414  123
37372  123
37631  123
39064  123
35613  123
50214  124
36251  124
36195  124
35404  124
36345  124
35813  124
36305  124
35609  124
35575  124
35627  124
36432  125
36417  125
36662  125
36810  125
39378  125
36786  125
36402  125
37048  125
37060  125
36519  125
37688  126
37883  126
37628  126
37745  126
37224  126
37126  126
44257  126
36701  126
37895  126
37097  126
42323  127
37847  127
37885  127
37812  127
37974  127
37175  127
37551  127
38481  127
38549  127
37638  127
38436  128
40488  128
37904  128
44209  128
39746  128
38417  128
38724  128
38680  128
38764  128
38534  128
39859  129
38777  129
39902  129
39450  129
40606  129
42142  129
39962  129
43786  129
42608  129
39728  129
40356  130
40107  130
39874  130
40293  130
40052  130
39757  130
40601  130
40224  130
41838  130
44257  130
41331  131
42560  131
40557  131
40797  131
40308  131
40596  131
41328  131
43307  131
43154  131
43641  131
46228  132
43016  132
44430  132
41303  132
44323  132
48349  132
44896  132
41359  132
41653  132
40742  132
42402  133
42328  133
42416  133
46800  133
42779  133
41768  133
44151  133
41549  133
42135  133
42681  133
43293  134
43112  134
43125  134
43321  134
43653  134
43115  134
45596  134
48628  134
42732  134
65081  134
45837  135
42538  135
43587  135
43444  135
43092  135
42927  135
43798  135
44136  135
46718  135
46911  135
45784  136
46296  136
44273  136
45074  136
44478  136
44353  136
43968  136
43276  136
43660  136
44506  136
46158  137
45061  137
47756  137
48178  137
47536  137
44102  137
44531  137
44263  137
44301  137
45116  137
45598  138
45039  138
45557  138
48242  138
45528  138
54779  138
48833  138
46211  138
44632  138
45422  138
45979  139
46030  139
45740  139
46975  139
46245  139
47409  139
51479  139
48216  139
49019  139
46003  139
47165  140
46229  140
46388  140
46667  140
47031  140
50081  140
54302  140
46930  140
47343  140
53899  140
48148  141
47994  141
48076  141
48018  141
48108  141
48840  141
48451  141
53341  141
50920  141
52930  141
60315  142
49030  142
48199  142
49177  142
50053  142
47746  142
48216  142
48608  142
51233  142
52780  142
48564  143
58681  143
47051  143
50203  143
49497  143
49440  143
49604  143
49807  143
49346  143
57380  143
51547  144
58194  144
59325  144
54478  144
50646  144
50211  144
51345  144
49977  144
50103  144
50968  144
58444  145
52045  145
58624  145
56047  145
55705  145
53112  145
54194  145
53293  145
53781  145
49860  145
50653  146
52321  146
51828  146
52037  146
54638  146
52063  146
52069  146
52697  146
52685  146
53355  146
53051  147
57350  147
54834  147
52924  147
61449  147
58478  147
52420  147
53612  147
52837  147
52609  147
52758  148
54638  148
61129  148
55146  148
62448  148
53488  148
53208  148
53119  148
53645  148
52510  148
54051  149
53593  149
55296  149
56392  149
58164  149
57936  149
53729  149
54560  149
53979  149
53930  149
54805  150
54123  150
59198  150
53945  150
62063  150
54926  150
57637  150
53757  150
54612  150
54623  150
55727  151
58577  151
59500  151
60001  151
67560  151
55364  151
54882  151
54911  151
55271  151
55676  151
55831  152
56362  152
58107  152
57667  152
56892  152
56966  152
55668  152
56938  152
56261  152
59555  152
55988  153
56890  153
56843  153
57887  153
62512  153
56138  153
57179  153
57421  153
57704  153
60223  153
60295  154
54022  154
59113  154
58131  154
71145  154
58587  154
60140  154
58262  154
57752  154
61178  154
58958  155
59804  155
61426  155
63024  155
57980  155
57882  155
59355  155
59157  155
62568  155
61449  155
63108  156
62944  156
61671  156
58870  156
59547  156
60119  156
58178  156
58789  156
62357  156
58369  156
60167  157
60444  157
61040  157
61115  157
58841  157
59526  157
59730  157
60757  157
61621  157
62139  157
63709  158
69426  158
60940  158
59568  158
60800  158
59691  158
59953  158
60336  158
70493  158
61454  158
65736  159
61423  159
61134  159
61151  159
61138  159
61584  159
60832  159
65855  159
64725  159
63224  159
66430  160
64975  160
65095  160
65610  160
61813  160
62290  160
65804  160
62896  160
64483  160
63055  160
63184  161
62657  161
62660  161
63435  161
62956  161
64801  161
69400  161
70350  161
68238  161
63585  161
64636  162
63993  162
64651  162
64245  162
65742  162
64569  162
72595  162
64385  162
64089  162
64654  162
64471  163
64849  163
67231  163
68288  163
68676  163
65662  163
64662  163
65223  163
65261  163
65560  163
66779  164
71912  164
65292  164
72562  164
66052  164
67876  164
67979  164
69220  164
65223  164
65759  164
71023  165
69810  165
74704  165
76149  165
67132  165
67056  165
67791  165
69351  165
72095  165
71570  165
73541  166
71381  166
70137  166
70346  166
66879  166
70541  166
76602  166
68846  166
75793  166
67867  166
71972  167
70863  167
70571  167
70866  167
71209  167
68232  167
69570  167
67873  167
67853  167
68852  167
68697  168
68734  168
68939  168
71059  168
76305  168
74013  168
68733  168
68518  168
69200  168
69365  168
69769  169
72293  169
77828  169
73971  169
72782  169
72694  169
73713  169
74405  169
69643  169
72311  169
72535  170
74106  170
70330  170
74509  170
73499  170
70670  170
78064  170
70987  170
75097  170
73949  170
70694  171
71789  171
76682  171
75215  171
76635  171
73945  171
76840  171
71316  171
72093  171
72152  171
72846  172
72583  172
77892  172
72857  172
78826  172
73295  172
76979  172
75383  172
75728  172
73368  172
74064  173
74345  173
77566  173
71801  173
72529  173
72880  173
77086  173
80585  173
73867  173
82689  173
77563  174
76694  174
74031  174
74087  174
74333  174
77329  174
76134  174
77570  174
75389  174
74400  174
74572  175
75726  175
80875  175
77914  175
76199  175
75679  175
75043  175
75730  175
74974  175
76034  175
83348  176
89570  176
78135  176
78680  176
78869  176
79589  176
74712  176
76997  176
77771  176
76695  176
76750  177
77108  177
76883  177
77527  177
78958  177
80293  177
79738  177
77855  177
77028  177
77458  177
78240  178
78383  178
84940  178
90835  178
81530  178
80721  178
80932  178
81399  178
81003  178
80701  178
90215  179
79914  179
79036  179
79450  179
82968  179
78812  179
79142  179
81215  179
83380  179
83049  179
79092  180
79771  180
80125  180
92702  180
86611  180
82075  180
79227  180
80139  180
79565  180
80059  180
82999  181
90566  181
81023  181
81415  181
80316  181
81521  181
80754  181
83280  181
89793  181
84338  181
84405  182
80310  182
82058  182
82276  182
88507  182
80650  182
85399  182
84787  182
81357  182
81336  182
84313  183
89391  183
90244  183
81062  183
81792  183
82829  183
85212  183
82972  183
86014  183
92101  183
83476  184
83564  184
83660  184
84579  184
85457  184
104926  184
87667  184
87521  184
88740  184
87651  184
88857  185
88354  185
91313  185
84272  185
84301  185
84716  185
85500  185
86303  185
85303  185
95948  185
88622  186
89206  186
88934  186
84352  186
87084  186
100710  186
84452  186
86257  186
85989  186
86334  186
90475  187
94197  187
86869  187
86410  187
86526  187
86028  187
87462  187
89838  187
94722  187
87445  187
87942  188
87216  188
86997  188
87980  188
93189  188
86383  188
87467  188
86076  188
87924  188
92093  188
87799  189
97684  189
91973  189
92132  189
88112  189
88685  189
92373  189
91784  189
92312  189
87986  189
89690  190
92814  190
97743  190
91141  190
99591  190
92071  190
92418  190
91557  190
89653  190
94734  190
93666  191
93480  191
88540  191
90182  191
89943  191
97244  191
90804  191
90251  191
90700  191
94433  191
91776  192
92485  192
97824  192
90693  192
95735  192
95158  192
89768  192
90781  192
96402  192
92505  192
92832  193
91719  193
93833  193
98275  193
94442  193
97253  193
92987  193
97597  193
95820  193
92341  193
94911  194
97157  194
92795  194
92621  194
99398  194
92796  194
99506  194
104607  194
96034  194
91359  194
94349  195
98613  195
98381  195
105935  195
98812  195
97840  195
93637  195
94366  195
99261  195
97829  195
95249  196
95852  196
95907  196
94828  196
101356  196
105032  196
95273  196
94915  196
95115  196
94767  196
95915  197
106548  197
99874  197
99214  197
99416  197
94446  197
98276  197
101855  197
97261  197
96250  197
100565  198
101219  198
98610  198
99812  198
96951  198
96539  198
101120  198
100889  198
98121  198
96925  198
99884  199
97625  199
98264  199
101082  199
101837  199
100618  199
99310  199
98123  199
99341  199
104962  199
103599  200
102422  200
98448  200
103149  200
103030  200
101910  200
103265  200
98876  200
102081  200
102181  200
100660  201
102947  201
100369  201
100108  201
98590  201
100363  201
103451  201
105154  201
99383  201
100802  201
103502  202
111996  202
127601  202
113141  202
122677  202
124636  202
123240  202
127167  202
124644  202
106836  202
112761  203
121217  203
119342  203
112037  203
128837  203
131304  203
118268  203
134322  203
109391  203
105194  203
111092  204
118713  204
109486  204
112724  204
101199  204
105272  204
104996  204
106670  204
105406  204
101399  204
102995  205
102442  205
105790  205
105771  205
110502  205
103907  205
106314  205
106556  205
107550  205
106536  205
102623  206
102680  206
106755  206
106050  206
102638  206
115783  206
102649  206
107395  206
103747  206
105051  206
108923  207
104798  207
105082  207
104364  207
105326  207
104348  207
111277  207
107519  207
103648  207
104386  207
106206  208
108820  208
106255  208
105293  208
105289  208
104827  208
113891  208
111242  208
106989  208
119809  208
109406  209
105779  209
105535  209
106340  209
110259  209
105470  209
110044  209
107253  209
106816  209
105197  209
106112  210
105980  210
111218  210
110845  210
109134  210
105928  210
107037  210
106106  210
111075  210
105561  210
107977  211
111690  211
109975  211
111672  211
106830  211
102767  211
110854  211
110365  211
106603  211
112718  211
107776  212
112052  212
111250  212
111235  212
111545  212
109033  212
112598  212
111423  212
122673  212
133120  212
116715  213
133484  213
111753  213
157092  213
128904  213
112939  213
138004  213
129332  213
146362  213
126350  213
144654  214
115896  214
132260  214
116075  214
141448  214
124749  214
167166  214
111922  214
109672  214
110342  214
116104  215
116805  215
112901  215
114550  215
112164  215
112044  215
113128  215
112762  215
117882  215
111632  215
112110  216
113080  216
118806  216
112202  216
118733  216
118819  216
116319  216
117873  216
112645  216
111464  216
111728  217
116212  217
114937  217
115761  217
116072  217
111079  217
115963  217
112431  217
120181  217
115177  217
115470  218
114496  218
112766  218
115917  218
111665  218
117451  218
111934  218
121890  218
120626  218
114754  218
119077  219
112881  219
114628  219
121355  219
113688  219
112488  219
117963  219
114580  219
113188  219
114204  219
113252  220
113984  220
115301  220
111572  220
112999  220
117624  220
113617  220
116910  220
113750  220
119344  220
118457  221
117993  221
120011  221
114216  221
115455  221
114408  221
113846  221
117264  221
114896  221
114804  221
115165  222
118031  222
115768  222
115850  222
114837  222
116464  222
120214  222
121267  222
114479  222
115456  222
117438  223
116943  223
120066  223
121910  223
115259  223
117948  223
119010  223
119854  223
120388  223
115993  223
117224  224
120320  224
120066  224
116304  224
122236  224
120651  224
122416  224
117350  224
117431  224
117924  224
118672  225
117480  225
116897  225
120579  225
117016  225
122248  225
128019  225
118940  225
118690  225
121984  225
119458  226
120975  226
117542  226
118238  226
118328  226
123021  226
115475  226
118747  226
118048  226
120017  226
120143  227
118553  227
120438  227
119258  227
119807  227
119625  227
123115  227
122458  227
117855  227
123423  227
122748  228
120994  228
118859  228
124038  228
125722  228
124288  228
122894  228
118515  228
124624  228
125376  228
120487  229
121594  229
122095  229
123883  229
122476  229
120405  229
124705  229
123557  229
121751  229
124419  229
122930  230
122219  230
126202  230
125556  230
120126  230
121685  230
120637  230
127211  230
126525  230
121436  230
122790  231
123355  231
122139  231
126167  231
125500  231
124812  231
121731  231
126749  231
123101  231
121930  231
123073  232
120438  232
129181  232
120104  232
122361  232
122123  232
125443  232
126991  232
125548  232
126293  232
123549  233
114615  233
126884  233
126042  233
122983  233
124932  233
123373  233
123745  233
123184  233
123686  233
124217  234
123045  234
122147  234
125340  234
130132  234
127251  234
126417  234
123648  234
124064  234
130283  234
128634  235
127773  235
128937  235
128682  235
128412  235
124450  235
125226  235
123865  235
128029  235
127723  235
123819  236
131262  236
125844  236
126188  236
126590  236
129314  236
123906  236
125521  236
124593  236
130186  236
125082  237
129072  237
126381  237
125433  237
126065  237
126048  237
127628  237
126815  237
128406  237
130053  237
130803  238
130392  238
124295  238
131745  238
127261  238
127892  238
129147  238
128148  238
125694  238
126400  238
128222  239
132383  239
131350  239
132431  239
132177  239
126105  239
126390  239
134665  239
127060  239
132016  239
132136  240
127443  240
125697  240
127267  240
127934  240
128808  240
140723  240
125037  240
129123  240
128884  240
136518  241
128009  241
128787  241
133000  241
129073  241
125508  241
129099  241
127796  241
134381  241
140890  241
135396  242
127550  242
134574  242
133247  242
129387  242
128030  242
132507  242
134664  242
129543  242
127851  242
131440  243
131735  243
128491  243
128909  243
133195  243
130946  243
133718  243
134029  243
129709  243
133768  243
140100  244
129500  244
131394  244
130576  244
131192  244
132996  244
132211  244
131017  244
130125  244
139575  244
137088  245
131538  245
135162  245
133212  245
131336  245
136182  245
131455  245
143468  245
137052  245
132895  245
133344  246
132700  246
124050  246
132414  246
133154  246
131652  246
135167  246
137069  246
133080  246
130819  246
133202  247
133854  247
137582  247
136963  247
136667  247
133396  247
133629  247
138098  247
141532  247
132874  247
134646  248
134108  248
149151  248
135996  248
132778  248
134948  248
135913  248
145905  248
139877  248
138429  248
134992  249
151293  249
139143  249
133847  249
137723  249
144450  249
137693  249
139271  249
140051  249
143556  249
132545  250
133841  250
135002  250
142884  250
141386  250
140608  250
134207  250
137021  250
140623  250
134466  250
138822  251
134152  251
146072  251
134910  251
136007  251
142547  251
141558  251
137096  251
134188  251
142243  251
143131  252
136580  252
136783  252
137982  252
145101  252
137219  252
145250  252
142069  252
144138  252
137817  252
142633  253
136719  253
136797  253
151331  253
141608  253
142073  253
135958  253
141987  253
138070  253
140826  253
138490  254
150233  254
135775  254
138786  254
137023  254
145386  254
139618  254
137349  254
143141  254
144660  254
139378  255
138795  255
140895  255
137391  255
137515  255
141056  255
148760  255
141031  255
139900  255
138172  255
144929  256
145143  256
138820  256
145558  256
143988  256
139061  256
136890  256
138409  256
144477  256
145576  256
140221  257
139055  257
142828  257
147984  257
141363  257
143004  257
147168  257
145013  257
145621  257
150841  257
140282  258
148714  258
140047  258
137809  258
144955  258
143356  258
143439  258
141022  258
142260  258
147549  258
147818  259
147584  259
141701  259
144763  259
142738  259
141509  259
146574  259
142751  259
140664  259
144741  259
155141  260
145866  260
145092  260
143231  260
146103  260
143129  260
140621  260
141925  260
145840  260
142025  260
142057  261
148322  261
150666  261
150292  261
145543  261
153837  261
140723  261
140493  261
142162  261
142913  261
146294  262
143009  262
150038  262
154108  262
142440  262
145435  262
144823  262
151409  262
151720  262
141864  262
143792  263
145775  263
144242  263
143618  263
146056  263
150639  263
151241  263
147681  263
156882  263
144113  263
144299  264
153885  264
147228  264
145205  264
151996  264
145130  264
152517  264
144085  264
146827  264
159221  264
148414  265
152433  265
143409  265
145840  265
148133  265
149101  265
154303  265
143589  265
144662  265
144836  265
163724  266
145782  266
153340  266
145967  266
150085  266
145279  266
152162  266
156385  266
154473  266
152469  266
143530  267
145991  267
154952  267
149730  267
155720  267
151795  267
145596  267
149900  267
146327  267
151480  267
147686  268
159389  268
152940  268
150338  268
151356  268
152097  268
163716  268
145720  268
149968  268
157213  268
148699  269
146465  269
152689  269
151622  269
149029  269
151388  269
155919  269
164257  269
152234  269
149316  269
146236  270
145403  270
149356  270
152254  270
149043  270
156670  270
152131  270
159400  270
148583  270
151913  270
147852  271
154192  271
154689  271
151547  271
151368  271
163584  271
148272  271
158078  271
153106  271
148030  271
148297  272
155742  272
150341  272
155990  272
148629  272
155670  272
154665  272
148184  272
158379  272
154362  272
156536  273
154762  273
149918  273
164473  273
149108  273
159448  273
152579  273
157143  273
151929  273
155113  273
151805  274
150645  274
155986  274
156701  274
165150  274
153515  274
149684  274
157013  274
158019  274
151907  274
160518  275
157434  275
160580  275
156197  275
162710  275
151270  275
160162  275
150879  275
154050  275
161837  275
162492  276
154561  276
164393  276
153849  276
156760  276
153593  276
154801  276
164202  276
153458  276
175361  276
162936  277
154653  277
154791  277
162340  277
153138  277
161583  277
162095  277
161920  277
162210  277
154478  277
153008  278
158586  278
154445  278
156921  278
159444  278
162143  278
153232  278
152855  278
153159  278
152656  278
156097  279
164457  279
153833  279
158679  279
159874  279
164654  279
154644  279
168717  279
154725  279
154313  279
162053  280
160960  280
163889  280
156770  280
159095  280
157854  280
165112  280
155326  280
156446  280
166963  280
156345  281
164502  281
167873  281
159182  281
157590  281
156424  281
156224  281
157130  281
172613  281
165796  281
158368  282
168532  282
158656  282
157281  282
166897  282
165953  282
157008  282
166849  282
176510  282
156384  282
157648  283
172351  283
163821  283
169134  283
164238  283
167581  283
165384  283
159065  283
159839  283
159143  283
163391  284
160653  284
167940  284
164336  284
158322  284
166989  284
172159  284
158877  284
170996  284
163144  284
169447  285
153310  285
173939  285
162883  285
169460  285
157593  285
161622  285
163337  285
159587  285
172597  285
159751  286
166609  286
173640  286
162111  286
162587  286
160229  286
160537  286
167061  286
171323  286
173970  286
162431  287
166517  287
163884  287
162079  287
162796  287
174748  287
170975  287
165078  287
164578  287
177257  287
166503  288
162021  288
168557  288
162323  288
164778  288
172725  288
160402  288
161089  288
170569  288
177917  288
164053  289
168135  289
164560  289
164929  289
162992  289
171595  289
163404  289
169479  289
173777  289
166403  289
174375  290
168331  290
171374  290
161083  290
163265  290
172920  290
167270  290
163439  290
163540  290
178071  290
170295  291
174210  291
167893  291
175297  291
175329  291
163896  291
169699  291
164441  291
175952  291
171149  291
175983  292
165477  292
168376  292
176612  292
164100  292
166768  292
172384  292
168667  292
163770  292
183909  292
167573  293
167494  293
169549  293
166132  293
168265  293
168583  293
167350  293
169051  293
173279  293
183881  293
167017  294
167154  294
169651  294
180484  294
178893  294
172399  294
168461  294
180128  294
172307  294
167277  294
168879  295
175171  295
185342  295
179767  295
165956  295
172990  295
170804  295
169356  295
168607  295
167733  295
178473  296
175907  296
180498  296
179319  296
169658  296
169163  296
168634  296
177481  296
172403  296
175470  296
169115  297
184524  297
175698  297
168918  297
178340  297
168736  297
171661  297
169932  297
174876  297
167148  297
181958  298
170307  298
176449  298
178622  298
189461  298
171608  298
182727  298
173832  298
168720  298
170379  298
187184  299
173215  299
176523  299
182270  299
168309  299
178207  299
169775  299
172575  299
180369  299
182210  299
183274  300
184916  300
169461  300
179662  300
178265  300
171070  300
171904  300
183465  300
174997  300
171650  300
