253  3
275  3
250  3
225  3
235  3
231  3
211  3
189  3
217  3
159  3
218  4
235  4
200  4
270  4
247  4
260  4
220  4
239  4
197  4
214  4
226  5
263  5
210  5
835  5
270  5
241  5
198  5
277  5
267  5
254  5
276  6
274  6
285  6
227  6
213  6
250  6
236  6
230  6
262  6
290  6
286  7
231  7
220  7
285  7
308  7
292  7
265  7
258  7
284  7
298  7
319  8
233  8
227  8
228  8
275  8
256  8
232  8
295  8
273  8
278  8
250  9
259  9
246  9
382  9
318  9
268  9
257  9
305  9
295  9
287  9
378  10
297  10
306  10
272  10
302  10
299  10
364  10
343  10
277  10
259  10
280  11
286  11
279  11
285  11
302  11
311  11
275  11
277  11
280  11
278  11
329  12
344  12
300  12
301  12
302  12
305  12
342  12
362  12
313  12
299  12
328  13
326  13
344  13
406  13
394  13
326  13
326  13
332  13
339  13
340  13
359  14
441  14
465  14
510  14
355  14
368  14
442  14
465  14
459  14
411  14
381  15
387  15
388  15
385  15
484  15
399  15
390  15
482  15
472  15
514  15
519  16
507  16
454  16
456  16
489  16
498  16
555  16
599  16
494  16
509  16
619  17
523  17
528  17
442  17
462  17
508  17
518  17
550  17
553  17
506  17
528  18
570  18
583  18
496  18
522  18
580  18
678  18
525  18
493  18
509  18
590  19
617  19
686  19
540  19
543  19
568  19
572  19
608  19
650  19
721  19
795  20
548  20
546  20
628  20
645  20
548  20
551  20
628  20
622  20
705  20
784  21
613  21
601  21
675  21
804  21
632  21
632  21
739  21
750  21
760  21
668  22
667  22
812  22
842  22
651  22
740  22
757  22
634  22
651  22
814  22
876  23
673  23
712  23
876  23
731  23
735  23
822  23
819  23
792  23
686  23
720  24
814  24
744  24
719  24
814  24
810  24
894  24
766  24
719  24
724  24
759  25
881  25
775  25
769  25
913  25
900  25
916  25
766  25
771  25
764  25
809  26
843  26
822  26
819  26
824  26
1009  26
835  26
812  26
813  26
811  26
1069  27
1024  27
861  27
865  27
928  27
892  27
940  27
940  27
868  27
856  27
979  28
927  28
939  28
959  28
1098  28
930  28
930  28
918  28
913  28
1124  28
984  29
972  29
1052  29
1019  29
1100  29
983  29
967  29
965  29
1001  29
1127  29
1036  30
1182  30
1148  30
1246  30
1186  30
1230  30
1142  30
1036  30
1050  30
1048  30
1091  31
1154  31
1079  31
1084  31
1084  31
1136  31
1273  31
1214  31
1074  31
1173  31
1157  32
1147  32
1479  32
2048  32
1236  32
1665  32
1951  32
1203  32
1254  32
5427  32
1596  33
1243  33
1217  33
3576  33
1247  33
1234  33
3762  33
7543  33
1826  33
1316  33
1409  34
1737  34
1591  34
6015  34
1313  34
1375  34
1431  34
1468  34
2557  34
1265  34
1337  35
1334  35
2466  35
1457  35
4255  35
1414  35
1485  35
1364  35
4644  35
3171  35
3030  36
5589  36
1807  36
1456  36
1441  36
1433  36
3059  36
1473  36
1884  36
1427  36
2270  37
3697  37
5069  37
2865  37
3005  37
1481  37
1464  37
1535  37
1546  37
2772  37
1708  38
4047  38
1578  38
1965  38
1630  38
3019  38
1548  38
1721  38
1681  38
7535  38
1720  39
7470  39
1628  39
1634  39
1793  39
3472  39
1696  39
3498  39
1804  39
3772  39
1779  40
1712  40
1691  40
1759  40
5103  40
1671  40
2105  40
2432  40
1883  40
2317  40
1800  41
1746  41
3079  41
1798  41
2707  41
1915  41
1845  41
1815  41
1741  41
7435  41
3455  42
2025  42
2249  42
2108  42
4298  42
1951  42
2197  42
6028  42
2953  42
2516  42
3703  43
1923  43
7405  43
2219  43
2013  43
1975  43
3109  43
2139  43
1934  43
2925  43
3450  44
7325  44
3609  44
6925  44
2240  44
2341  44
2039  44
6839  44
2157  44
2760  44
5230  45
2310  45
4408  45
2130  45
4905  45
7395  45
2367  45
2271  45
4653  45
2162  45
2226  46
3254  46
2204  46
2162  46
2137  46
6271  46
2419  46
2276  46
3166  46
2684  46
2252  47
2951  47
2379  47
3465  47
4176  47
2245  47
2368  47
2501  47
3273  47
2428  47
2474  48
2350  48
3754  48
2384  48
2493  48
2435  48
2427  48
2532  48
3324  48
2459  48
2456  49
2493  49
2468  49
2512  49
4097  49
2532  49
2677  49
2811  49
6796  49
4672  49
2675  50
2616  50
2654  50
2562  50
2603  50
3447  50
2670  50
2727  50
2596  50
7348  50
2935  51
2875  51
4665  51
3071  51
2860  51
2857  51
3216  51
2778  51
3299  51
5907  51
5201  52
7132  52
2811  52
7267  52
4810  52
3054  52
3412  52
3083  52
5276  52
2841  52
4148  53
3121  53
3006  53
4890  53
3018  53
2921  53
3087  53
3254  53
3166  53
3095  53
3117  54
3138  54
2955  54
3106  54
3299  54
3144  54
3215  54
2951  54
3186  54
3076  54
3303  55
3215  55
7038  55
3620  55
3420  55
3211  55
3186  55
3932  55
3548  55
6879  55
3234  56
3157  56
4910  56
3606  56
3399  56
3298  56
3341  56
3578  56
3563  56
4610  56
3734  57
4992  57
3573  57
3538  57
7084  57
3415  57
3269  57
7128  57
3530  57
3744  57
3693  58
7050  58
3485  58
3450  58
4552  58
3675  58
3942  58
3570  58
5915  58
3556  58
3654  59
3771  59
3641  59
3609  59
6041  59
9309  59
3891  59
7007  59
3640  59
3775  59
4382  60
4213  60
4042  60
3996  60
3890  60
3946  60
3769  60
3766  60
4998  60
6853  60
5283  61
4161  61
6990  61
4119  61
4197  61
4654  61
4167  61
4075  61
4004  61
4019  61
6497  62
6900  62
4806  62
4074  62
4098  62
4211  62
7002  62
4430  62
4193  62
5764  62
4820  63
4152  63
5022  63
4541  63
4244  63
4033  63
4050  63
4076  63
4142  63
4274  63
4285  64
4537  64
6046  64
4587  64
4443  64
4245  64
4364  64
4343  64
4579  64
5322  64
6697  65
4424  65
4318  65
4478  65
4908  65
4637  65
4850  65
5895  65
4601  65
4622  65
4547  66
4570  66
4882  66
4679  66
5438  66
5019  66
5592  66
4811  66
4966  66
4796  66
4944  67
5438  67
5044  67
4670  67
4650  67
5143  67
5566  67
5202  67
4803  67
4860  67
5275  68
4865  68
6940  68
4961  68
5188  68
4763  68
4743  68
4709  68
5058  68
5449  68
5198  69
6354  69
5248  69
5065  69
4852  69
5027  69
4977  69
5064  69
6140  69
5234  69
5190  70
5230  70
5406  70
5096  70
8104  70
6335  70
6750  70
5060  70
5197  70
5074  70
6286  71
5256  71
6177  71
11232  71
5019  71
5531  71
6732  71
5466  71
6247  71
5556  71
5345  72
6871  72
5812  72
5528  72
5578  72
5346  72
6417  72
5680  72
5441  72
5324  72
5987  73
6246  73
5648  73
5797  73
6042  73
5681  73
7085  73
5547  73
5506  73
5879  73
6631  74
5945  74
5504  74
5628  74
5814  74
6097  74
6414  74
6130  74
6650  74
5734  74
5975  75
6540  75
7239  75
6447  75
6355  75
7770  75
6808  75
6215  75
5972  75
6948  75
6018  76
6029  76
8388  76
9395  76
6191  76
6037  76
6416  76
6453  76
6570  76
7071  76
6406  77
6260  77
7289  77
6180  77
5885  77
6345  77
6363  77
6432  77
6645  77
6418  77
6928  78
7951  78
6142  78
6239  78
7004  78
6316  78
6376  78
6686  78
6360  78
6672  78
7599  79
6721  79
6259  79
6920  79
6544  79
6339  79
6758  79
6921  79
6705  79
6964  79
6798  80
7154  80
6867  80
6666  80
6806  80
6676  80
7137  80
9333  80
6764  80
6818  80
6881  81
7245  81
7132  81
7579  81
7734  81
7069  81
7799  81
8183  81
6650  81
7477  81
7176  82
7032  82
6864  82
7004  82
7766  82
7016  82
7187  82
7836  82
7397  82
6988  82
7821  83
7254  83
10214  83
7257  83
7134  83
7964  83
8967  83
7431  83
7341  83
7469  83
7918  84
7978  84
7479  84
7663  84
9163  84
7287  84
7121  84
7334  84
7481  84
8057  84
8089  85
7783  85
8387  85
7906  85
8321  85
8284  85
8356  85
7687  85
7514  85
8056  85
7997  86
7822  86
8252  86
7985  86
7738  86
8339  86
7856  86
7732  86
7929  86
7916  86
8414  87
8532  87
8563  87
8235  87
7817  87
8239  87
7841  87
8082  87
8101  87
12765  87
8302  88
8056  88
10173  88
8267  88
8325  88
9409  88
9249  88
8758  88
23087  88
8463  88
8599  89
8451  89
8549  89
8312  89
8248  89
9383  89
8899  89
8371  89
8652  89
8493  89
10581  90
9722  90
8973  90
8648  90
8936  90
9368  90
8311  90
8603  90
8591  90
8409  90
9128  91
9331  91
8592  91
9351  91
9483  91
9165  91
9828  91
8727  91
9700  91
12575  91
8935  92
9997  92
11991  92
16115  92
10534  92
8821  92
9145  92
9016  92
9268  92
8745  92
9100  93
9233  93
8967  93
8986  93
9892  93
8761  93
9701  93
9936  93
9320  93
9103  93
9367  94
9345  94
11757  94
9200  94
9129  94
9394  94
9560  94
9411  94
8900  94
9789  94
9572  95
10079  95
9483  95
9628  95
10511  95
9759  95
10004  95
8309  95
9283  95
10372  95
9948  96
9799  96
10144  96
9765  96
9869  96
9998  96
10065  96
10357  96
10514  96
9521  96
10915  97
9824  97
10156  97
10649  97
10729  97
10476  97
9689  97
10347  97
10164  97
10992  97
10585  98
10193  98
10050  98
10326  98
10299  98
10340  98
11288  98
10447  98
11913  98
10786  98
10629  99
10941  99
10226  99
10694  99
11050  99
10844  99
11706  99
10117  99
10613  99
10344  99
11086  100
10417  100
10508  100
10887  100
10608  100
11297  100
10823  100
10597  100
11149  100
10298  100
11402  101
11329  101
10786  101
12755  101
11622  101
12753  101
10873  101
11172  101
14456  101
11312  101
10792  102
10927  102
10707  102
11655  102
13256  102
11009  102
11459  102
10922  102
10829  102
11243  102
11221  103
11373  103
11211  103
11289  103
11527  103
11166  103
11374  103
11676  103
11407  103
11350  103
11165  104
12930  104
11537  104
11602  104
11814  104
11604  104
12338  104
14578  104
12299  104
12339  104
13564  105
12046  105
12125  105
11771  105
12232  105
12485  105
12084  105
11543  105
13080  105
11990  105
12883  106
12321  106
12545  106
11878  106
12045  106
11727  106
12033  106
16315  106
12047  106
11929  106
12528  107
13056  107
12604  107
12213  107
14059  107
12469  107
12367  107
12712  107
12813  107
12251  107
12358  108
12707  108
12608  108
12746  108
12460  108
13845  108
14404  108
12156  108
12458  108
12635  108
13223  109
12867  109
14067  109
12991  109
15077  109
12595  109
13004  109
12895  109
13008  109
13061  109
16743  110
13588  110
16322  110
13691  110
14190  110
14323  110
13642  110
13375  110
13763  110
14047  110
14330  111
13840  111
15034  111
13523  111
13615  111
14380  111
13970  111
13894  111
13581  111
12825  111
16492  112
12753  112
15220  112
13729  112
13589  112
22945  112
13546  112
14921  112
13617  112
12907  112
15202  113
13708  113
13337  113
13428  113
14099  113
13459  113
14076  113
13525  113
13477  113
13927  113
13630  114
14120  114
15881  114
14903  114
14043  114
16521  114
13645  114
13999  114
16214  114
23439  114
14344  115
14224  115
13976  115
13997  115
13963  115
13824  115
14009  115
14322  115
13712  115
14095  115
15531  116
14453  116
13984  116
14381  116
14302  116
14168  116
14431  116
18414  116
14844  116
15124  116
14646  117
17553  117
14662  117
19387  117
15001  117
14630  117
14905  117
14199  117
15978  117
14398  117
14882  118
15047  118
14622  118
14601  118
15241  118
14615  118
15071  118
14715  118
15052  118
14396  118
15611  119
15730  119
15074  119
15039  119
18838  119
16580  119
15005  119
15114  119
15581  119
15277  119
16790  120
15187  120
15330  120
15509  120
14968  120
15392  120
15356  120
15357  120
15820  120
16498  120
16699  121
15773  121
17140  121
15952  121
15585  121
16163  121
16423  121
28736  121
16839  121
16411  121
16231  122
16132  122
16879  122
15961  122
16119  122
16295  122
17489  122
17249  122
17127  122
16533  122
16306  123
15897  123
16121  123
23015  123
20179  123
19652  123
17996  123
15917  123
16653  123
17285  123
18008  124
16682  124
16267  124
16859  124
16829  124
17290  124
18427  124
17473  124
17850  124
16343  124
16781  125
16817  125
16285  125
22935  125
20646  125
18786  125
16886  125
19459  125
19482  125
17424  125
18569  126
18945  126
16858  126
17146  126
18723  126
18742  126
17094  126
16528  126
17011  126
17302  126
17855  127
17313  127
17489  127
17698  127
18493  127
20188  127
16983  127
18601  127
22198  127
18150  127
17903  128
17624  128
17549  128
18345  128
17562  128
17429  128
19056  128
18828  128
18327  128
18770  128
18839  129
20141  129
17852  129
19089  129
17542  129
18072  129
22750  129
19012  129
19084  129
19330  129
18048  130
18495  130
18355  130
20051  130
18095  130
18165  130
18647  130
18908  130
18353  130
18373  130
18418  131
20704  131
18194  131
18472  131
18507  131
19869  131
22730  131
19031  131
18764  131
18538  131
18841  132
18996  132
18868  132
19778  132
18687  132
18198  132
18500  132
18795  132
18918  132
18653  132
22853  133
20889  133
18779  133
22110  133
19288  133
21008  133
19481  133
20615  133
22257  133
19573  133
19226  134
18945  134
19218  134
19733  134
19330  134
19708  134
19778  134
22736  134
23087  134
19293  134
21504  135
20973  135
19226  135
22705  135
22518  135
19601  135
19769  135
19565  135
19446  135
19981  135
21368  136
19659  136
22463  136
22591  136
22897  136
19988  136
20019  136
20165  136
19603  136
21280  136
24545  137
22172  137
20584  137
22001  137
22276  137
22699  137
22388  137
21948  137
21849  137
23206  137
22571  138
22939  138
22255  138
22193  138
22819  138
23089  138
22589  138
21506  138
23254  138
22330  138
21878  139
22256  139
22589  139
22780  139
22290  139
22392  139
22318  139
23056  139
22918  139
22244  139
22894  140
21361  140
21760  140
24540  140
22506  140
22094  140
22124  140
21099  140
23003  140
23037  140
21789  141
22433  141
21656  141
22646  141
21814  141
22520  141
23481  141
24064  141
22454  141
25060  141
22694  142
21809  142
22526  142
22745  142
22412  142
22505  142
24233  142
22119  142
21972  142
22220  142
25783  143
21758  143
23945  143
15430  143
23736  143
23416  143
22248  143
23256  143
22584  143
22617  143
22793  144
22514  144
22793  144
22218  144
24845  144
24229  144
22706  144
22650  144
23121  144
24594  144
24992  145
24804  145
31519  145
22320  145
22329  145
22673  145
22756  145
22199  145
22807  145
22236  145
22832  146
22843  146
23707  146
27021  146
23591  146
23319  146
24287  146
30623  146
22464  146
23157  146
23060  147
23051  147
23446  147
23711  147
23205  147
23871  147
23402  147
25077  147
24978  147
23356  147
26982  148
25189  148
33436  148
26198  148
26140  148
23897  148
24280  148
24586  148
24394  148
24455  148
24530  149
24354  149
24621  149
24345  149
24443  149
24658  149
26194  149
27852  149
24409  149
26197  149
24508  150
24507  150
24720  150
24596  150
24338  150
25149  150
24567  150
24590  150
27152  150
26243  150
25745  151
43105  151
27624  151
24737  151
24322  151
24183  151
24405  151
24863  151
25465  151
24825  151
25915  152
28605  152
31602  152
28108  152
25007  152
25497  152
33236  152
25155  152
27283  152
27027  152
25410  153
25534  153
25915  153
26463  153
25575  153
28089  153
25835  153
27653  153
25853  153
30628  153
26264  154
26156  154
26294  154
25477  154
25592  154
25380  154
25539  154
25158  154
25969  154
28930  154
27882  155
29131  155
27751  155
39901  155
28844  155
26493  155
26106  155
26141  155
27372  155
26803  155
26998  156
26709  156
26797  156
28947  156
26670  156
30106  156
27590  156
32875  156
25673  156
29050  156
26752  157
31860  157
26827  157
26658  157
27633  157
27380  157
27432  157
27222  157
27308  157
26323  157
27781  158
29520  158
27689  158
29550  158
29428  158
28854  158
29396  158
28979  158
28889  158
29341  158
27368  159
29499  159
29472  159
34532  159
30667  159
26972  159
28489  159
27966  159
28458  159
27635  159
26668  160
27331  160
28182  160
30179  160
28422  160
27888  160
31692  160
28177  160
28750  160
27819  160
28605  161
28246  161
28692  161
27626  161
28032  161
27786  161
29913  161
29026  161
28219  161
37333  161
29916  162
28635  162
28745  162
30135  162
29102  162
28651  162
28604  162
28473  162
31728  162
35306  162
31932  163
42834  163
29055  163
31513  163
29610  163
29910  163
29978  163
29590  163
28769  163
29101  163
30188  164
30171  164
32248  164
31897  164
31935  164
29026  164
30206  164
30138  164
30364  164
30555  164
30271  165
32928  165
31830  165
36078  165
31495  165
32688  165
32395  165
31279  165
31713  165
32305  165
32608  166
30581  166
32827  166
31446  166
30950  166
30515  166
31877  166
30311  166
32061  166
30657  166
30978  167
31227  167
31517  167
31044  167
30766  167
31210  167
30407  167
32582  167
31356  167
32170  167
34502  168
30799  168
31433  168
30916  168
30610  168
31788  168
31546  168
31444  168
30346  168
31492  168
33226  169
32017  169
31233  169
31168  169
32108  169
31678  169
31479  169
34137  169
33793  169
31001  169
34313  170
35310  170
32534  170
33619  170
32622  170
31886  170
32109  170
32644  170
31913  170
32558  170
33163  171
32217  171
37304  171
34759  171
42206  171
32913  171
31769  171
32498  171
32819  171
33230  171
34930  172
32114  172
34256  172
34503  172
32769  172
34299  172
39376  172
32691  172
32777  172
33845  172
33054  173
33850  173
33008  173
33511  173
33331  173
35564  173
33285  173
38451  173
33985  173
32970  173
34024  174
33000  174
32869  174
33408  174
33118  174
33689  174
35294  174
34352  174
45255  174
33031  174
35827  175
36005  175
33608  175
33896  175
34514  175
35804  175
35293  175
36424  175
37144  175
37924  175
34853  176
34984  176
35667  176
34204  176
42442  176
34935  176
34492  176
38477  176
36904  176
38215  176
36880  177
34221  177
35251  177
37677  177
34000  177
34035  177
35061  177
35330  177
39429  177
36233  177
42410  178
35434  178
34594  178
35386  178
37187  178
36463  178
34776  178
34992  178
34392  178
35010  178
37677  179
39850  179
35481  179
35185  179
37348  179
37205  179
35937  179
36681  179
37185  179
37509  179
35488  180
38449  180
39159  180
36848  180
36665  180
35836  180
36646  180
35964  180
36179  180
38608  180
37192  181
36925  181
52127  181
40390  181
36312  181
41148  181
36228  181
36545  181
36011  181
36136  181
39548  182
40827  182
46037  182
37096  182
39145  182
38526  182
38259  182
38739  182
38826  182
38561  182
37349  183
36760  183
38148  183
37238  183
39721  183
39189  183
38965  183
39035  183
38267  183
38411  183
39568  184
39261  184
42214  184
37523  184
37866  184
37945  184
37866  184
38952  184
39450  184
39542  184
40135  185
41831  185
39302  185
37030  185
40033  185
39839  185
40178  185
38979  185
39657  185
42025  185
39164  186
38204  186
38956  186
38949  186
38668  186
38376  186
37998  186
38679  186
38569  186
37945  186
40890  187
40837  187
38213  187
38755  187
38871  187
38972  187
39206  187
39094  187
39079  187
40620  187
40393  188
58545  188
39492  188
39526  188
39566  188
43006  188
40470  188
38375  188
42059  188
39415  188
42589  189
38726  189
39397  189
39261  189
39614  189
39604  189
39019  189
39800  189
39871  189
41116  189
55092  190
43560  190
42743  190
41364  190
41502  190
42619  190
42429  190
46301  190
41730  190
67058  190
40297  191
41073  191
40310  191
41056  191
40936  191
41811  191
41284  191
41197  191
44569  191
42333  191
42796  192
43302  192
44597  192
42969  192
43302  192
43641  192
40947  192
71479  192
40778  192
41122  192
41870  193
41372  193
41710  193
43873  193
48644  193
41833  193
44644  193
41295  193
41799  193
41117  193
42464  194
45149  194
41192  194
41979  194
44722  194
53236  194
42020  194
42095  194
42362  194
41456  194
43525  195
42642  195
44539  195
43509  195
51210  195
41923  195
42151  195
42021  195
42901  195
42519  195
42845  196
45743  196
47931  196
56682  196
45382  196
46643  196
42881  196
43689  196
42919  196
43267  196
45201  197
44875  197
43970  197
44419  197
43681  197
43732  197
43753  197
43310  197
43672  197
45001  197
45233  198
43837  198
43910  198
44281  198
43915  198
46462  198
43428  198
45588  198
45143  198
49983  198
49646  199
44396  199
44614  199
44878  199
44096  199
44166  199
48196  199
46531  199
44157  199
43870  199
44996  200
44510  200
45574  200
44601  200
47377  200
45778  200
58714  200
46784  200
47569  200
43729  200
45718  201
44856  201
45618  201
45482  201
48524  201
48885  201
45125  201
45718  201
45077  201
44716  201
44696  202
46340  202
45997  202
48815  202
47509  202
45441  202
45925  202
45572  202
45085  202
45590  202
48211  203
48132  203
46152  203
46357  203
46381  203
46529  203
45667  203
48894  203
49404  203
47181  203
46700  204
47378  204
48746  204
48120  204
48476  204
49374  204
46973  204
50904  204
46597  204
46007  204
47338  205
46859  205
46887  205
47030  205
46815  205
61378  205
48575  205
46253  205
46357  205
46120  205
47748  206
49994  206
52343  206
51635  206
48039  206
48364  206
49981  206
47474  206
47778  206
49542  206
49475  207
52893  207
50721  207
50418  207
49926  207
50062  207
50153  207
49951  207
47918  207
60185  207
48835  208
48290  208
48190  208
48155  208
48035  208
48002  208
50710  208
51391  208
55859  208
49670  208
48701  209
49319  209
48721  209
49962  209
52426  209
50315  209
49013  209
49394  209
49537  209
49885  209
51239  210
53668  210
52475  210
50674  210
48602  210
48599  210
48796  210
49719  210
49307  210
49299  210
51339  211
51601  211
50535  211
50369  211
49835  211
49659  211
54087  211
54205  211
53438  211
50128  211
50194  212
50763  212
50904  212
51053  212
54088  212
54532  212
56828  212
52527  212
52392  212
52900  212
52903  213
53764  213
54352  213
55685  213
53516  213
53014  213
53813  213
50383  213
51286  213
50458  213
53967  214
51555  214
53410  214
51459  214
52325  214
51662  214
54271  214
56140  214
51220  214
52336  214
51804  215
52402  215
52489  215
52207  215
55835  215
55502  215
53820  215
52107  215
51624  215
52276  215
54998  216
55952  216
59163  216
52854  216
52614  216
52627  216
52757  216
53031  216
53377  216
57466  216
56112  217
52880  217
52762  217
53241  217
53003  217
52315  217
56971  217
63363  217
52288  217
52635  217
53296  218
52368  218
53478  218
53452  218
53884  218
53971  218
53914  218
54170  218
54410  218
53101  218
56870  219
56590  219
56604  219
53239  219
52911  219
53534  219
53686  219
55172  219
55900  219
48305  219
53826  220
53788  220
55127  220
54823  220
58338  220
57142  220
53763  220
55933  220
55409  220
53893  220
57240  221
54298  221
56271  221
66440  221
54468  221
56416  221
57276  221
53281  221
55708  221
57590  221
54885  222
55423  222
56935  222
56724  222
55341  222
55254  222
56186  222
61006  222
57100  222
56694  222
55459  223
55090  223
55158  223
58810  223
57931  223
57348  223
55806  223
56025  223
56277  223
56627  223
55969  224
59090  224
56244  224
55720  224
56439  224
58556  224
55922  224
56650  224
58619  224
56684  224
57515  225
56913  225
57861  225
59682  225
61799  225
57075  225
56725  225
56175  225
56749  225
57807  225
57265  226
61281  226
57986  226
57717  226
57569  226
58033  226
57695  226
59535  226
60041  226
59673  226
59938  227
60776  227
58095  227
63570  227
58311  227
58300  227
58013  227
58107  227
59126  227
60283  227
59652  228
65339  228
61589  228
60150  228
59689  228
58669  228
60014  228
58560  228
61816  228
60326  228
61199  229
60562  229
58627  229
60916  229
70254  229
61270  229
58353  229
63053  229
61503  229
60143  229
62151  230
62181  230
58753  230
61413  230
61283  230
61848  230
64702  230
61456  230
59733  230
62066  230
62428  231
59344  231
59301  231
68761  231
59932  231
63085  231
63816  231
63258  231
63108  231
62978  231
60438  232
61271  232
61793  232
61803  232
63950  232
61002  232
63690  232
61409  232
62078  232
61315  232
61735  233
66200  233
65584  233
63345  233
63742  233
63610  233
63723  233
63005  233
62701  233
60897  233
61064  234
62163  234
61219  234
67122  234
71976  234
64609  234
62291  234
62686  234
63092  234
61826  234
66455  235
62837  235
62371  235
62904  235
62355  235
62915  235
66835  235
63925  235
65459  235
64973  235
65939  236
66390  236
64173  236
69537  236
64407  236
66479  236
66680  236
73375  236
64993  236
70065  236
66685  237
63736  237
67063  237
66933  237
67321  237
73575  237
64876  237
66704  237
64519  237
66006  237
83273  238
66091  238
66536  238
64502  238
63971  238
65174  238
66000  238
73189  238
64285  238
64699  238
63805  239
63956  239
65510  239
75954  239
64714  239
65189  239
64650  239
65530  239
68035  239
67177  239
66803  240
63971  240
64613  240
67128  240
68847  240
68966  240
67862  240
64665  240
67163  240
67473  240
68334  241
65510  241
64824  241
65545  241
67801  241
68674  241
65651  241
65809  241
65109  241
68439  241
67620  242
72082  242
67290  242
66100  242
65568  242
65524  242
68670  242
65925  242
68566  242
65964  242
66623  243
66151  243
67055  243
70399  243
80800  243
68248  243
66010  243
69628  243
67157  243
68287  243
82202  244
67646  244
67973  244
69693  244
70688  244
69452  244
68618  244
66098  244
66937  244
69358  244
67064  245
67176  245
70477  245
67035  245
67845  245
67862  245
70231  245
79304  245
67124  245
68055  245
71659  246
71902  246
69259  246
78340  246
68665  246
68819  246
68629  246
70841  246
69577  246
67780  246
67469  247
68828  247
71464  247
69025  247
77006  247
68176  247
68419  247
70926  247
72198  247
70752  247
74269  248
69109  248
71423  248
71422  248
73594  248
71994  248
68634  248
68529  248
71706  248
69891  248
72460  249
76863  249
68083  249
71775  249
71190  249
68040  249
72388  249
71969  249
71723  249
71962  249
68530  250
70188  250
82451  250
69160  250
69994  250
69491  250
71879  250
74615  250
68248  250
69385  250
70510  251
70855  251
72011  251
80405  251
70109  251
69995  251
73133  251
73589  251
69677  251
77972  251
71255  252
71945  252
71555  252
72055  252
86086  252
71974  252
72689  252
70821  252
70771  252
75143  252
72388  253
72456  253
72443  253
74404  253
75065  253
74024  253
72888  253
72121  253
72273  253
77726  253
75809  254
75053  254
75292  254
72232  254
74889  254
74147  254
72780  254
73091  254
72466  254
73287  254
75765  255
82186  255
76273  255
75349  255
80473  255
74175  255
79836  255
73644  255
73834  255
72539  255
72421  256
78343  256
74193  256
73581  256
74147  256
76406  256
77572  256
73837  256
76978  256
72468  256
74119  257
75070  257
85387  257
75646  257
75122  257
77633  257
79459  257
81741  257
75971  257
75710  257
77421  258
82518  258
74584  258
75834  258
78205  258
73969  258
76189  258
75557  258
75688  258
75713  258
76486  259
75940  259
78165  259
89814  259
77229  259
76460  259
76199  259
76453  259
78432  259
77757  259
76076  260
77100  260
80310  260
79825  260
79141  260
81121  260
76358  260
76315  260
82429  260
77243  260
80980  261
79367  261
79239  261
88321  261
77257  261
76972  261
78036  261
79191  261
84762  261
79438  261
81041  262
77144  262
78455  262
77991  262
77599  262
77979  262
77853  262
82618  262
84075  262
78230  262
85149  263
78799  263
82514  263
78036  263
79822  263
77197  263
79221  263
82595  263
67122  263
78853  263
81497  264
81072  264
82483  264
87884  264
77545  264
78441  264
78764  264
82016  264
97948  264
77839  264
83040  265
78880  265
79618  265
88139  265
79035  265
78585  265
80057  265
81616  265
88424  265
81769  265
79647  266
81783  266
81238  266
83986  266
79360  266
79887  266
82268  266
80136  266
81422  266
78487  266
79002  267
82127  267
84501  267
79471  267
83608  267
81454  267
79722  267
84208  267
80065  267
81670  267
80991  268
81569  268
81105  268
81974  268
84269  268
81782  268
83300  268
83172  268
84904  268
82116  268
81407  269
88816  269
85270  269
82800  269
85248  269
84446  269
86070  269
80722  269
80149  269
82127  269
82819  270
82338  270
83018  270
85572  270
81713  270
81907  270
95239  270
82420  270
86044  270
82027  270
83503  271
90047  271
83251  271
86559  271
82843  271
82518  271
86684  271
82496  271
83538  271
87024  271
85420  272
83163  272
84707  272
86183  272
90289  272
91137  272
86661  272
83458  272
83167  272
88770  272
91180  273
85344  273
83123  273
85307  273
88157  273
86325  273
83160  273
83091  273
84147  273
91563  273
84264  274
87020  274
87061  274
91680  274
87495  274
83846  274
85402  274
87451  274
86402  274
79740  274
84797  275
83817  275
89238  275
86869  275
84983  275
84250  275
88075  275
86795  275
87581  275
95843  275
85289  276
86158  276
86760  276
86577  276
87032  276
85969  276
95763  276
94257  276
84927  276
85343  276
85048  277
90851  277
83515  277
85261  277
85713  277
86597  277
87099  277
87300  277
86734  277
86733  277
92186  278
92207  278
87142  278
88334  278
89558  278
86115  278
87524  278
85303  278
86740  278
87465  278
88563  279
88762  279
87358  279
87392  279
88085  279
84997  279
87108  279
88378  279
89155  279
87982  279
90824  280
89065  280
88021  280
89991  280
97078  280
88393  280
90582  280
87371  280
89884  280
91542  280
88408  281
90830  281
91146  281
89502  281
88805  281
87394  281
89321  281
91533  281
86598  281
91183  281
90971  282
91172  282
95557  282
90667  282
88070  282
90865  282
89305  282
89366  282
89960  282
88376  282
92585  283
92424  283
88890  283
89024  283
89178  283
90995  283
90798  283
91907  283
88734  283
90846  283
96407  284
89554  284
89212  284
91488  284
89279  284
89971  284
89309  284
93813  284
94654  284
88410  284
89418  285
90986  285
91566  285
91106  285
90074  285
90410  285
92948  285
90592  285
93452  285
90636  285
92209  286
90243  286
96757  286
87916  286
90730  286
91704  286
94717  286
89992  286
93683  286
90404  286
90631  287
88188  287
94004  287
90737  287
93947  287
91520  287
96137  287
93574  287
90106  287
91089  287
97184  288
93659  288
90047  288
91366  288
100054  288
91725  288
91882  288
94180  288
92215  288
94834  288
92290  289
89872  289
95826  289
95370  289
91101  289
92590  289
91436  289
93107  289
92276  289
93331  289
93747  290
90891  290
91373  290
92538  290
94986  290
92516  290
109137  290
91838  290
91547  290
94070  290
92350  291
92909  291
92505  291
96254  291
91796  291
94657  291
92160  291
92291  291
94195  291
96447  291
93507  292
93239  292
93168  292
92759  292
93191  292
93043  292
94350  292
97846  292
92067  292
95244  292
93952  293
93289  293
101810  293
95487  293
92957  293
94394  293
94449  293
90818  293
97051  293
95607  293
97525  294
91505  294
93842  294
94794  294
94155  294
102646  294
91725  294
97189  294
93879  294
97881  294
93172  295
96227  295
93104  295
98575  295
91215  295
93733  295
94494  295
96641  295
94732  295
95411  295
97171  296
98336  296
98038  296
91993  296
96725  296
94820  296
99730  296
107294  296
97054  296
93392  296
99112  297
94082  297
94812  297
95896  297
97865  297
96062  297
94579  297
97196  297
92857  297
88793  297
94435  298
95629  298
97715  298
98871  298
95450  298
95640  298
95135  298
95897  298
96104  298
95283  298
94993  299
98343  299
95124  299
95561  299
96078  299
94083  299
87356  299
96590  299
95756  299
101356  299
97440  300
95122  300
94718  300
106745  300
97561  300
96119  300
96571  300
96173  300
99202  300
96902  300
