1053  3
3714  3
285  3
4102  3
263  3
4117  3
983  3
2301  3
2949  3
2705  3
312  4
4123  4
10968  4
8095  4
2121  4
221  4
2217  4
454  4
262  4
4331  4
260  5
4136  5
2493  5
1127  5
3118  5
4151  5
4147  5
195  5
4173  5
1032  5
763  6
296  6
394  6
258  6
4144  6
8165  6
2582  6
4182  6
4190  6
1255  6
280  7
4126  7
5052  7
2833  7
10590  7
269  7
1978  7
305  7
801  7
2170  7
6558  8
302  8
2163  8
2343  8
3566  8
4154  8
4185  8
736  8
4189  8
4663  8
4291  9
4198  9
3263  9
364  9
7030  9
2217  9
2384  9
4226  9
4214  9
2455  9
4299  10
1105  10
1847  10
8111  10
8916  10
12883  10
753  10
5865  10
4257  10
1710  10
1517  11
727  11
7828  11
967  11
8505  11
325  11
328  11
2906  11
3166  11
3787  11
2292  12
379  12
2110  12
4311  12
452  12
6366  12
1882  12
1374  12
4626  12
1525  12
452  13
4364  13
1310  13
424  13
4308  13
2266  13
4302  13
4107  13
8120  13
977  13
6194  14
968  14
6161  14
583  14
4344  14
2883  14
4914  14
2067  14
932  14
4353  14
1268  15
2089  15
3277  15
2643  15
2117  15
2249  15
2793  15
1929  15
5063  15
2678  15
3456  16
4476  16
3522  16
3170  16
2729  16
3195  16
2406  16
5870  16
4443  16
588  16
592  17
4466  17
697  17
1685  17
1531  17
2829  17
4451  17
1477  17
2132  17
4560  17
4571  18
1849  18
4568  18
935  18
616  18
8462  18
1843  18
1206  18
6931  18
1749  18
1333  19
754  19
741  19
5014  19
5881  19
4219  19
2522  19
692  19
8407  19
4601  19
7970  20
829  20
1412  20
4243  20
2745  20
1158  20
2493  20
4585  20
1629  20
4606  20
2008  21
2635  21
4623  21
808  21
19845  21
947  21
4182  21
4823  21
827  21
4930  21
2685  22
1705  22
1029  22
6980  22
2392  22
912  22
8102  22
923  22
7872  22
6427  22
4812  23
911  23
4778  23
2901  23
6453  23
4799  23
3216  23
2407  23
2190  23
5030  23
3146  24
939  24
8813  24
964  24
4868  24
4955  24
3341  24
4797  24
2935  24
4884  24
3646  25
5126  25
5908  25
1061  25
4966  25
7520  25
4995  25
4830  25
8952  25
4964  25
2481  26
2741  26
5045  26
2969  26
2939  26
1390  26
4904  26
4273  26
5006  26
3047  26
9036  27
1207  27
5081  27
1308  27
1165  27
4994  27
5136  27
1760  27
5066  27
3080  27
5251  28
5112  28
3246  28
1503  28
5117  28
1369  28
1668  28
5208  28
5856  28
2543  28
1390  29
3241  29
5184  29
8186  29
1402  29
5279  29
2742  29
3566  29
10032  29
5385  29
3252  30
1740  30
1347  30
6840  30
1726  30
4655  30
5470  30
2161  30
5259  30
4951  30
5388  31
5951  31
6321  31
1968  31
5490  31
5389  31
1626  31
5463  31
5170  31
5039  31
5443  32
9480  32
4847  32
1714  32
2140  32
6435  32
3767  32
2032  32
1717  32
5367  32
2683  33
4795  33
9221  33
5603  33
4610  33
10310  33
5499  33
1833  33
5729  33
3965  33
3784  34
6413  34
6849  34
9694  34
5549  34
5491  34
3516  34
1741  34
7119  34
9736  34
5611  35
7814  35
4141  35
2502  35
1894  35
5788  35
9942  35
5709  35
2027  35
3323  35
5148  36
1985  36
5719  36
5787  36
5692  36
8294  36
9173  36
4232  36
8754  36
5876  36
8081  37
9030  37
11948  37
4066  37
5915  37
2282  37
5488  37
2341  37
9961  37
9913  37
6095  38
2309  38
10315  38
6003  38
3901  38
9951  38
2400  38
10076  38
2488  38
8893  38
6114  39
6066  39
7243  39
8616  39
10650  39
10439  39
8183  39
5805  39
6090  39
6977  39
2513  40
6167  40
7949  40
6103  40
3453  40
6095  40
5101  40
3160  40
6099  40
10854  40
6511  41
2627  41
5947  41
9106  41
4275  41
8259  41
6368  41
6338  41
10386  41
5565  41
11094  42
6582  42
10487  42
6437  42
8591  42
6432  42
6358  42
5827  42
4544  42
4538  42
4362  43
10589  43
2989  43
5900  43
8155  43
8668  43
4340  43
2887  43
4640  43
6339  43
10252  44
6756  44
2963  44
6542  44
8854  44
3252  44
6880  44
7023  44
5454  44
9543  44
6709  45
6858  45
3315  45
7672  45
8465  45
3345  45
6427  45
4740  45
4880  45
6550  45
9301  46
5082  46
4765  46
23781  46
6142  46
8493  46
5505  46
3010  46
5327  46
3733  46
11108  47
4323  47
8757  47
5253  47
8863  47
8664  47
7258  47
7195  47
7229  47
8230  47
7273  48
4422  48
10277  48
4363  48
3549  48
10482  48
7401  48
11406  48
7247  48
11210  48
9591  49
7350  49
13358  49
7461  49
10735  49
7392  49
10425  49
6911  49
3820  49
7829  49
8165  50
4003  50
7996  50
12141  50
11565  50
7288  50
6911  50
8017  50
4091  50
3926  50
4012  51
11565  51
8394  51
7994  51
4057  51
4011  51
11538  51
9883  51
12351  51
6107  51
8035  52
8105  52
5950  52
5477  52
9587  52
6199  52
9274  52
10034  52
6754  52
10837  52
7883  53
7747  53
8384  53
4163  53
8938  53
9942  53
10906  53
4599  53
8407  53
7799  53
8385  54
4456  54
8008  54
11203  54
12211  54
8354  54
8007  54
8082  54
8025  54
9616  54
8157  55
8702  55
4769  55
9305  55
7375  55
6195  55
6131  55
10692  55
4877  55
12225  55
5026  56
8478  56
9329  56
4945  56
12526  56
8535  56
8311  56
8421  56
9125  56
5290  56
8346  57
8353  57
8464  57
9710  57
10862  57
5127  57
10550  57
30445  57
13196  57
7814  57
8556  58
9748  58
8888  58
9982  58
5285  58
12443  58
9157  58
9318  58
8581  58
12818  58
9053  59
12664  59
9422  59
9793  59
8888  59
12999  59
9211  59
11317  59
12963  59
10204  59
7482  60
9544  60
9179  60
12949  60
6016  60
8908  60
8942  60
8936  60
5314  60
12594  60
8176  61
5845  61
14766  61
20159  61
9185  61
9095  61
5791  61
12389  61
8561  61
9141  61
9506  62
9478  62
22861  62
10414  62
9206  62
9287  62
9353  62
13327  62
9372  62
9620  62
6235  63
9760  63
9076  63
9403  63
9428  63
9402  63
9619  63
9098  63
11190  63
9253  63
9903  64
11518  64
9695  64
12662  64
11003  64
9856  64
6412  64
13960  64
9879  64
8626  64
9790  65
10066  65
8087  65
10292  65
9449  65
9533  65
10423  65
10280  65
12624  65
10100  65
12936  66
10121  66
8606  66
10004  66
7026  66
9886  66
10368  66
15900  66
13272  66
13523  66
14413  67
10169  67
11327  67
10463  67
14642  67
12400  67
11480  67
10916  67
7852  67
10269  67
9660  68
10051  68
11197  68
14732  68
13001  68
14423  68
9955  68
10528  68
11130  68
10458  68
10523  69
10682  69
14800  69
9084  69
7525  69
11042  69
11206  69
10023  69
10588  69
11092  69
13462  70
10478  70
10694  70
11213  70
10676  70
10586  70
10917  70
7666  70
15903  70
7597  70
10028  71
17668  71
7993  71
7783  71
11233  71
11167  71
10381  71
7513  71
11347  71
10834  71
11612  72
11643  72
11313  72
7963  72
11924  72
11483  72
15510  72
11697  72
11579  72
12525  72
11878  73
13054  73
13472  73
11447  73
8137  73
11697  73
15409  73
12309  73
11737  73
11246  73
11927  74
15525  74
8639  74
16745  74
10450  74
11977  74
12051  74
15736  74
12940  74
12028  74
8751  75
14811  75
8332  75
11960  75
11965  75
11658  75
12238  75
13652  75
13442  75
12381  75
11677  76
16012  76
13590  76
12539  76
13225  76
12042  76
12125  76
12119  76
11976  76
12095  76
10886  77
15950  77
9990  77
17126  77
12841  77
11786  77
15619  77
13097  77
12332  77
9420  77
10226  78
11255  78
9513  78
18529  78
17240  78
23325  78
11779  78
12991  78
14088  78
14905  78
12950  79
12975  79
16746  79
12930  79
12913  79
9160  79
13475  79
15066  79
16855  79
12812  79
16529  80
16008  80
13726  80
13283  80
12547  80
16612  80
12772  80
15287  80
13476  80
11076  80
15986  81
14312  81
12385  81
9797  81
14526  81
13467  81
13166  81
14481  81
14523  81
13744  81
17099  82
10226  82
14182  82
15479  82
15841  82
13264  82
19338  82
15233  82
17489  82
14633  82
15153  83
14450  83
15014  83
15331  83
14833  83
15128  83
15181  83
14320  83
15811  83
13967  83
15609  84
14852  84
14422  84
19025  84
11959  84
18452  84
12868  84
13935  84
13902  84
31799  84
11760  85
13953  85
13430  85
13189  85
13798  85
14002  85
17628  85
11452  85
15805  85
14301  85
13525  86
14260  86
15655  86
13950  86
11226  86
13411  86
14343  86
14324  86
14093  86
14166  86
14721  87
17071  87
11743  87
14072  87
15774  87
14243  87
14396  87
21416  87
14810  87
17534  87
16815  88
33544  88
16545  88
13567  88
14200  88
15945  88
12340  88
19020  88
15056  88
14803  88
14870  89
15134  89
11884  89
17084  89
14670  89
13381  89
15450  89
15586  89
15641  89
15079  89
14954  90
15397  90
15394  90
15624  90
17078  90
15180  90
16913  90
17743  90
14969  90
13568  90
16745  91
14397  91
15956  91
13222  91
15032  91
15691  91
16134  91
13440  91
14793  91
14845  91
16431  92
15839  92
15700  92
15873  92
15527  92
16424  92
16111  92
16519  92
16380  92
16017  92
14965  93
16409  93
19061  93
13180  93
20294  93
20375  93
16839  93
18207  93
18679  93
17749  93
16585  94
16867  94
18318  94
16990  94
16349  94
20047  94
16700  94
17833  94
16914  94
16602  94
16597  95
16773  95
16722  95
16665  95
16910  95
16673  95
16397  95
18685  95
16536  95
16948  95
13891  96
13807  96
17093  96
17073  96
18021  96
18687  96
14164  96
16846  96
17074  96
16828  96
16976  97
16752  97
21083  97
17225  97
17502  97
18122  97
17779  97
17206  97
17109  97
17218  97
18384  98
19962  98
17620  98
15274  98
17774  98
17650  98
17949  98
21033  98
14393  98
21945  98
17812  99
17372  99
15564  99
18571  99
17995  99
19019  99
23853  99
18310  99
17454  99
14895  99
25669  100
15899  100
15548  100
17851  100
20838  100
22482  100
17980  100
21997  100
18084  100
26668  100
18093  101
18093  101
18355  101
19534  101
28571  101
18249  101
25030  101
22936  101
18494  101
18198  101
20656  102
18992  102
18354  102
19932  102
18304  102
19277  102
21387  102
18736  102
19416  102
18656  102
24482  103
19611  103
21453  103
20894  103
18812  103
17534  103
18832  103
45920  103
17916  103
16926  103
17139  104
19757  104
20210  104
20909  104
26086  104
19221  104
19924  104
19768  104
20034  104
17350  104
21584  105
20403  105
23337  105
18584  105
19336  105
16426  105
23142  105
18864  105
22519  105
23830  105
29300  106
20585  106
20100  106
19810  106
19409  106
19829  106
19971  106
22975  106
20564  106
21985  106
20222  107
21818  107
20001  107
20033  107
21318  107
22088  107
20145  107
19602  107
20246  107
17583  107
22860  108
26594  108
20058  108
20611  108
20084  108
20499  108
20230  108
22502  108
20965  108
23059  108
20404  109
20395  109
20464  109
20392  109
20715  109
22753  109
21732  109
23982  109
20498  109
24016  109
22662  110
23395  110
22729  110
20822  110
22917  110
22934  110
22363  110
23922  110
20904  110
20956  110
20980  111
24353  111
25868  111
24229  111
21669  111
23088  111
21159  111
23283  111
28278  111
26848  111
21499  112
24074  112
32916  112
24876  112
22041  112
23915  112
21508  112
25363  112
22272  112
21052  112
24530  113
23391  113
22741  113
23669  113
23697  113
23810  113
23790  113
21987  113
21969  113
21832  113
23339  114
24234  114
26880  114
22546  114
25907  114
22094  114
24263  114
23329  114
23912  114
21947  114
24466  115
23445  115
25958  115
22248  115
24557  115
23824  115
24424  115
22090  115
27886  115
22778  115
27789  116
25044  116
28141  116
24264  116
24722  116
22651  116
24276  116
21094  116
23020  116
24038  116
24241  117
23914  117
24979  117
20282  117
24644  117
25079  117
22904  117
27310  117
22584  117
25229  117
32048  118
24869  118
23363  118
27838  118
29524  118
24545  118
23802  118
24133  118
20948  118
24242  118
23447  119
24280  119
24473  119
27630  119
26334  119
24456  119
30571  119
25106  119
24697  119
25276  119
24875  120
23767  120
24547  120
27919  120
24321  120
25605  120
24106  120
25348  120
24526  120
25716  120
28438  121
25215  121
27484  121
28880  121
33459  121
25198  121
25118  121
25538  121
26079  121
26380  121
28746  122
28845  122
25180  122
29074  122
25309  122
26348  122
26747  122
25922  122
27024  122
25714  122
32760  123
29914  123
25801  123
23555  123
21680  123
26728  123
25868  123
26234  123
25544  123
25607  123
25368  124
25985  124
25509  124
30084  124
26388  124
29316  124
27581  124
25363  124
26051  124
25675  124
26106  125
28826  125
29620  125
26002  125
27040  125
26644  125
26008  125
26168  125
27694  125
26220  125
27036  126
28547  126
28539  126
27472  126
26398  126
30833  126
27588  126
26839  126
32053  126
28203  126
32140  127
26587  127
26591  127
28255  127
28101  127
28648  127
28187  127
26567  127
26670  127
26453  127
29163  128
28971  128
29163  128
38497  128
25273  128
29195  128
27306  128
27071  128
31379  128
27463  128
28252  129
29292  129
27810  129
27837  129
28075  129
29551  129
33026  129
27722  129
31145  129
42049  129
27474  130
30976  130
28299  130
27843  130
30324  130
30323  130
27794  130
28036  130
29850  130
29518  130
29391  131
29511  131
32411  131
30629  131
43537  131
31314  131
28656  131
28817  131
28629  131
29459  131
29407  132
29448  132
29932  132
30620  132
30154  132
30644  132
28341  132
28955  132
33758  132
31439  132
41247  133
28918  133
29331  133
29206  133
32593  133
31844  133
31642  133
31399  133
29906  133
28990  133
29740  134
32674  134
35860  134
33466  134
30800  134
30791  134
29439  134
31936  134
29920  134
29126  134
30215  135
30013  135
30333  135
30134  135
35158  135
31236  135
32248  135
34419  135
34839  135
30631  135
30209  136
36180  136
31435  136
31816  136
30267  136
30593  136
30483  136
30652  136
31485  136
31133  136
31466  137
32972  137
32083  137
35220  137
37925  137
35314  137
32837  137
32497  137
33080  137
30507  137
32916  138
33160  138
33602  138
33005  138
32324  138
33786  138
31033  138
31308  138
36531  138
32970  138
33225  139
33577  139
33063  139
33092  139
33247  139
33329  139
31485  139
32375  139
32078  139
33833  139
34053  140
34872  140
37320  140
33933  140
32200  140
33019  140
32444  140
31848  140
33581  140
35425  140
32407  141
32825  141
35130  141
32335  141
33497  141
40627  141
35212  141
31047  141
36775  141
33135  141
33570  142
32768  142
33789  142
33512  142
32932  142
34910  142
40542  142
35585  142
33815  142
35906  142
33662  143
33557  143
37583  143
34421  143
33233  143
35231  143
34653  143
34921  143
33024  143
34869  143
34182  144
38855  144
35139  144
37119  144
35686  144
33700  144
36134  144
35392  144
35525  144
35084  144
36180  145
34296  145
37456  145
36239  145
39284  145
35217  145
38449  145
37759  145
34136  145
35970  145
36424  146
33467  146
34786  146
34741  146
35125  146
36683  146
38380  146
35932  146
51476  146
40249  146
35135  147
35262  147
34618  147
35332  147
37501  147
34558  147
34726  147
39182  147
33115  147
37836  147
39497  148
39961  148
36377  148
36638  148
35888  148
35928  148
35444  148
35823  148
36170  148
40226  148
35377  149
36241  149
37553  149
39094  149
39809  149
38696  149
37259  149
35963  149
35861  149
34412  149
36117  150
37316  150
36536  150
38714  150
39452  150
40045  150
38778  150
36435  150
36885  150
37242  150
37839  151
39896  151
36008  151
37136  151
39583  151
42006  151
36439  151
41585  151
64725  151
41048  151
43987  152
37137  152
38206  152
41042  152
37446  152
38272  152
40297  152
45894  152
39262  152
40657  152
45740  153
39525  153
40500  153
40107  153
37682  153
38857  153
38065  153
39082  153
42137  153
40643  153
38245  154
45965  154
37931  154
39067  154
38491  154
39242  154
37826  154
38206  154
39947  154
40268  154
40185  155
39609  155
40077  155
60126  155
40411  155
38410  155
38975  155
39183  155
38692  155
38741  155
38692  156
40781  156
42328  156
43064  156
42196  156
39678  156
42886  156
39201  156
41432  156
40726  156
42452  157
41660  157
45388  157
40278  157
40518  157
41458  157
44800  157
44536  157
41214  157
41879  157
40205  158
40452  158
40749  158
40665  158
43903  158
43412  158
40694  158
45271  158
40631  158
41034  158
46351  159
43491  159
43459  159
40232  159
40985  159
45880  159
43973  159
46598  159
41944  159
42482  159
41267  160
41277  160
40952  160
41155  160
41401  160
41719  160
41862  160
46239  160
44420  160
41756  160
44923  161
41118  161
42261  161
41346  161
41985  161
44144  161
44238  161
42588  161
44647  161
47678  161
40853  162
42371  162
42288  162
41701  162
44319  162
40893  162
42398  162
42577  162
42144  162
45790  162
48192  163
42793  163
46225  163
42447  163
46900  163
44298  163
42570  163
43276  163
45478  163
41443  163
42742  164
44372  164
43155  164
42583  164
42983  164
44562  164
43394  164
47241  164
45710  164
53118  164
43951  165
58161  165
43118  165
43825  165
43802  165
46599  165
45201  165
43249  165
43592  165
47922  165
45631  166
43005  166
46697  166
43758  166
47118  166
48263  166
43924  166
46393  166
48222  166
47996  166
45539  167
46770  167
50285  167
46155  167
46329  167
46582  167
44721  167
43644  167
44695  167
44724  167
45793  168
46072  168
31653  168
50079  168
44746  168
45461  168
45028  168
45104  168
44925  168
47836  168
50202  169
47889  169
52712  169
49050  169
47938  169
47508  169
47767  169
47428  169
48165  169
48797  169
47747  170
48028  170
40037  170
50230  170
46262  170
46514  170
46490  170
46825  170
51704  170
54143  170
46597  171
51626  171
51199  171
48025  171
48671  171
49424  171
45788  171
47195  171
46550  171
56092  171
48172  172
50092  172
47346  172
47049  172
46969  172
48422  172
50135  172
47416  172
52762  172
48239  172
50673  173
54378  173
47676  173
48298  173
47718  173
48030  173
47767  173
49749  173
56269  173
51312  173
72266  174
46042  174
48187  174
48243  174
48799  174
49134  174
49099  174
52556  174
52771  174
58369  174
56869  175
51455  175
48535  175
49430  175
49619  175
48874  175
49854  175
50404  175
50593  175
49801  175
49465  176
49625  176
50124  176
49825  176
48486  176
51827  176
57157  176
48863  176
55861  176
52045  176
50118  177
49238  177
49914  177
50671  177
50003  177
51879  177
49713  177
57519  177
50905  177
51771  177
49722  178
49637  178
50589  178
50785  178
51916  178
59222  178
55400  178
48352  178
55763  178
53957  178
50959  179
51049  179
50558  179
56481  179
58271  179
52401  179
51743  179
53613  179
51393  179
53557  179
50822  180
53465  180
53509  180
53346  180
60862  180
50845  180
54022  180
54057  180
53210  180
50849  180
53899  181
51021  181
57046  181
60428  181
53594  181
56104  181
52522  181
51869  181
54745  181
51316  181
60160  182
55998  182
53062  182
52509  182
54301  182
53981  182
51957  182
52639  182
56356  182
55039  182
53573  183
63700  183
52444  183
52935  183
52430  183
52664  183
56306  183
54989  183
52083  183
56732  183
60514  184
53039  184
55412  184
55223  184
55905  184
52675  184
59149  184
56961  184
52856  184
71776  184
60125  185
53012  185
56071  185
53801  185
53140  185
58268  185
56435  185
56490  185
60405  185
56539  185
56696  186
56276  186
53753  186
54282  186
57247  186
56228  186
62871  186
53997  186
54333  186
54780  186
55117  187
58289  187
54421  187
61459  187
57859  187
63048  187
55152  187
54573  187
54683  187
53951  187
58072  188
55047  188
61189  188
59053  188
60118  188
56576  188
55771  188
55634  188
55309  188
55592  188
58714  189
58194  189
67120  189
55478  189
59269  189
57564  189
57879  189
55618  189
58335  189
61730  189
56867  190
61800  190
56334  190
55811  190
55440  190
57153  190
58809  190
61349  190
60914  190
59075  190
65106  191
59631  191
55682  191
56883  191
60963  191
56816  191
63544  191
59537  191
62525  191
57494  191
60428  192
61321  192
57982  192
60051  192
59213  192
60277  192
65754  192
64276  192
56310  192
57424  192
60051  193
57719  193
62465  193
65468  193
58545  193
61163  193
60297  193
57510  193
58815  193
59378  193
58951  194
64597  194
59868  194
71410  194
62362  194
59370  194
60962  194
60349  194
60224  194
61432  194
63372  195
69609  195
60286  195
59108  195
59155  195
59413  195
67079  195
58579  195
65038  195
60442  195
69385  196
62181  196
59257  196
62037  196
61557  196
62999  196
62233  196
61107  196
62465  196
59078  196
60398  197
63247  197
62457  197
61927  197
64391  197
61720  197
63595  197
63855  197
60560  197
62254  197
59373  198
60213  198
70520  198
71437  198
61869  198
68359  198
60710  198
61520  198
59868  198
63445  198
72105  199
65084  199
72335  199
63732  199
60877  199
64270  199
63061  199
63586  199
64972  199
68206  199
78284  200
61686  200
62121  200
64297  200
64167  200
61936  200
66160  200
65183  200
75535  200
63677  200
62884  201
61967  201
62941  201
61937  201
68119  201
71647  201
74161  201
63958  201
61075  201
62181  201
65173  202
62700  202
62763  202
64061  202
63803  202
64172  202
65775  202
68074  202
61924  202
63037  202
63160  203
66680  203
64748  203
64804  203
73247  203
63994  203
62729  203
64437  203
62920  203
68661  203
73553  204
64570  204
64573  204
65535  204
63564  204
67574  204
76377  204
73395  204
71956  204
66506  204
63990  205
65945  205
65699  205
68018  205
63619  205
63603  205
79272  205
65463  205
64952  205
65256  205
64205  206
65677  206
69036  206
72697  206
70216  206
67788  206
65253  206
64396  206
65212  206
67667  206
67033  207
66237  207
71202  207
67720  207
65448  207
67256  207
64983  207
66785  207
70100  207
71792  207
71262  208
65723  208
65496  208
67714  208
65502  208
69073  208
67468  208
68231  208
69447  208
66437  208
67360  209
74630  209
67269  209
79885  209
69904  209
79043  209
66875  209
70009  209
69272  209
68956  209
69377  210
68007  210
68051  210
68176  210
69408  210
68778  210
67609  210
68670  210
76837  210
68634  210
72179  211
68513  211
69312  211
68531  211
67791  211
68750  211
79422  211
75160  211
50458  211
70126  211
69153  212
69490  212
68251  212
68465  212
78228  212
69445  212
75197  212
68343  212
68692  212
69198  212
70072  213
68740  213
75283  213
73378  213
69637  213
72013  213
68402  213
69142  213
68834  213
72709  213
71585  214
75139  214
70932  214
77847  214
73672  214
71880  214
72349  214
78359  214
96011  214
71631  214
73847  215
70177  215
72516  215
80244  215
77494  215
71734  215
76041  215
76260  215
70443  215
73499  215
80742  216
71955  216
70999  216
78935  216
78667  216
74926  216
74122  216
70788  216
71297  216
71120  216
72075  217
90705  217
70908  217
72219  217
72279  217
73051  217
73897  217
77754  217
74583  217
73093  217
76968  218
75492  218
71764  218
75155  218
74192  218
79187  218
70822  218
73506  218
71237  218
72335  218
72489  219
84809  219
75856  219
74437  219
73256  219
73328  219
72554  219
71632  219
72825  219
78238  219
78348  220
75877  220
75180  220
73544  220
75451  220
80678  220
78487  220
79702  220
73069  220
76631  220
74621  221
77998  221
74564  221
85842  221
75207  221
78191  221
74763  221
74360  221
75615  221
79494  221
86534  222
82151  222
78543  222
75233  222
75974  222
78405  222
78427  222
82952  222
83281  222
80516  222
77999  223
75894  223
76644  223
75803  223
79383  223
82256  223
81629  223
77430  223
79045  223
78577  223
77180  224
79639  224
83770  224
84585  224
76861  224
77687  224
76998  224
77355  224
84983  224
76555  224
82125  225
79289  225
75949  225
77576  225
77863  225
81535  225
80986  225
91782  225
81997  225
76888  225
81311  226
80339  226
78174  226
79505  226
87294  226
77771  226
78846  226
78389  226
77733  226
78047  226
84270  227
87846  227
83148  227
78942  227
77526  227
78699  227
83769  227
79016  227
85042  227
79702  227
79295  228
79207  228
79564  228
79710  228
81124  228
86093  228
83125  228
80159  228
82365  228
79288  228
80375  229
86780  229
85836  229
79861  229
86040  229
82416  229
84192  229
83340  229
84003  229
89229  229
81320  230
83297  230
80668  230
82873  230
87612  230
82121  230
85141  230
79764  230
79983  230
84124  230
82545  231
84325  231
84522  231
82215  231
80062  231
83903  231
79363  231
81021  231
82196  231
85649  231
81582  232
82247  232
85247  232
83439  232
82745  232
88106  232
81801  232
84428  232
84750  232
82065  232
83718  233
82214  233
88228  233
85717  233
82751  233
84928  233
82053  233
82911  233
81885  233
81746  233
88755  234
84707  234
83329  234
83789  234
83889  234
87753  234
87582  234
86881  234
82505  234
83046  234
87697  235
87362  235
84228  235
84568  235
84503  235
85551  235
82706  235
83186  235
82469  235
85561  235
85936  236
85740  236
86193  236
88635  236
87112  236
84329  236
85902  236
94750  236
87378  236
87860  236
89284  237
83840  237
85969  237
89999  237
84474  237
83733  237
90063  237
84937  237
85730  237
84679  237
88237  238
85114  238
84666  238
85356  238
84666  238
88055  238
89806  238
86980  238
84554  238
84130  238
87409  239
84992  239
89313  239
89969  239
87332  239
85116  239
87036  239
84892  239
87894  239
85352  239
88026  240
87675  240
88320  240
85122  240
85450  240
84748  240
90907  240
92687  240
86805  240
85875  240
87923  241
87054  241
86748  241
90375  241
89519  241
86256  241
85744  241
84856  241
86965  241
86156  241
87583  242
88709  242
87065  242
85905  242
86370  242
97368  242
85978  242
87329  242
87308  242
87859  242
88105  243
92667  243
88380  243
91294  243
86838  243
90961  243
91549  243
87195  243
87393  243
96001  243
87747  244
87878  244
86900  244
88272  244
92621  244
92618  244
88818  244
86030  244
87522  244
87408  244
87119  245
92934  245
94697  245
87211  245
89401  245
88603  245
91048  245
93768  245
86889  245
90523  245
87668  246
87366  246
88017  246
86410  246
89335  246
89390  246
87393  246
89497  246
87992  246
90055  246
91225  247
90071  247
91265  247
88947  247
90631  247
88364  247
89927  247
93684  247
88719  247
88666  247
90812  248
89061  248
89401  248
94476  248
91242  248
92267  248
89041  248
89457  248
90007  248
90872  248
94251  249
94095  249
89873  249
89577  249
90802  249
93855  249
95818  249
88896  249
89852  249
91593  249
91059  250
92624  250
94266  250
90211  250
89240  250
88535  250
94077  250
90640  250
92614  250
89202  250
88506  251
89065  251
88837  251
89648  251
93814  251
88713  251
91248  251
89507  251
89916  251
92493  251
91779  252
98950  252
90566  252
91740  252
90711  252
90808  252
91678  252
96547  252
90246  252
90415  252
89787  253
90336  253
90004  253
98969  253
90548  253
88655  253
90604  253
89774  253
93711  253
94644  253
95143  254
92068  254
89878  254
94657  254
90665  254
94934  254
91270  254
93827  254
92143  254
91840  254
94232  255
95648  255
93983  255
91813  255
94865  255
92617  255
92372  255
94392  255
93741  255
95608  255
93914  256
95874  256
96089  256
97590  256
94750  256
94240  256
93487  256
94298  256
93548  256
96455  256
95155  257
92664  257
97133  257
93525  257
93644  257
96616  257
94525  257
93672  257
93184  257
94587  257
96038  258
102676  258
97146  258
95134  258
94927  258
96925  258
99357  258
99134  258
99011  258
93171  258
94818  259
95893  259
98775  259
95609  259
96076  259
93235  259
94052  259
94219  259
94549  259
105327  259
96358  260
96802  260
95288  260
94278  260
94254  260
95338  260
94309  260
94053  260
95351  260
96059  260
100233  261
95121  261
94941  261
95584  261
94320  261
97959  261
100560  261
97644  261
94066  261
95360  261
100107  262
92454  262
100533  262
96313  262
94868  262
93714  262
94071  262
99255  262
98864  262
95992  262
94470  263
94316  263
93342  263
95888  263
94877  263
96118  263
93961  263
94640  263
97660  263
97451  263
94078  264
95288  264
93017  264
95877  264
95030  264
97137  264
93335  264
95928  264
96263  264
94204  264
95774  265
103331  265
95423  265
94390  265
96092  265
94944  265
95503  265
95222  265
94036  265
96573  265
94424  266
97171  266
94588  266
95185  266
95291  266
97319  266
94671  266
96976  266
96390  266
94956  266
94855  267
95363  267
97617  267
100613  267
97506  267
93787  267
97855  267
94422  267
97525  267
94457  267
100370  268
96036  268
94665  268
94178  268
95201  268
98262  268
96481  268
94391  268
96360  268
95607  268
93803  269
101281  269
95035  269
97815  269
95628  269
98167  269
97243  269
115720  269
94898  269
95233  269
98534  270
96762  270
96117  270
100549  270
97738  270
98304  270
95992  270
99153  270
99430  270
92666  270
96744  271
99534  271
95734  271
97494  271
100068  271
96423  271
95174  271
97152  271
97473  271
94779  271
96270  272
99037  272
95968  272
94658  272
96976  272
98299  272
99946  272
97364  272
96367  272
96820  272
96523  273
104159  273
95665  273
97538  273
97493  273
98979  273
97281  273
97341  273
97554  273
96661  273
97137  274
99383  274
108012  274
97542  274
101105  274
99984  274
96123  274
101412  274
96067  274
98994  274
96508  275
96366  275
103827  275
105189  275
96758  275
97131  275
97472  275
100102  275
97263  275
99111  275
103769  276
97999  276
96933  276
99346  276
101392  276
96541  276
100418  276
98029  276
100681  276
95433  276
102925  277
101233  277
97609  277
102864  277
103605  277
100059  277
98040  277
99278  277
97980  277
102282  277
101574  278
103279  278
100080  278
97738  278
97727  278
98613  278
105713  278
101575  278
97719  278
101111  278
98923  279
105923  279
102288  279
102242  279
100313  279
101114  279
98922  279
107714  279
98748  279
99577  279
99197  280
99903  280
99102  280
103445  280
98710  280
99734  280
99700  280
105587  280
108613  280
98371  280
102605  281
100348  281
101571  281
100759  281
106033  281
100830  281
103293  281
102024  281
100888  281
103185  281
99547  282
105193  282
102154  282
99683  282
110181  282
100449  282
100948  282
100081  282
103307  282
105079  282
101767  283
100761  283
99577  283
103979  283
102347  283
100231  283
98197  283
100607  283
100014  283
100023  283
110699  284
100702  284
101753  284
102680  284
99392  284
100935  284
101328  284
103737  284
102352  284
98265  284
105110  285
101211  285
102902  285
100193  285
100179  285
102515  285
106285  285
100362  285
103431  285
100854  285
106749  286
105505  286
100197  286
101751  286
99861  286
105856  286
104413  286
103952  286
105471  286
101591  286
107488  287
99612  287
103442  287
103348  287
101193  287
101983  287
101514  287
108347  287
101595  287
101578  287
102928  288
106340  288
104026  288
101370  288
101305  288
104877  288
101937  288
106865  288
102051  288
102045  288
100385  289
106098  289
104948  289
104393  289
101257  289
106055  289
101978  289
101919  289
105441  289
102690  289
105797  290
102766  290
110674  290
106382  290
101528  290
102429  290
105966  290
104106  290
107976  290
102511  290
114095  291
102533  291
104778  291
101855  291
102176  291
103657  291
102917  291
102871  291
110629  291
97272  291
102987  292
103198  292
105916  292
104996  292
107207  292
101991  292
103770  292
101879  292
105669  292
107416  292
103788  293
103662  293
104156  293
107665  293
104826  293
107521  293
103426  293
105528  293
104626  293
103674  293
103621  294
104342  294
109861  294
105135  294
103663  294
101353  294
106035  294
107611  294
106571  294
104791  294
103914  295
105871  295
104020  295
105775  295
111203  295
102423  295
103658  295
104278  295
105162  295
111117  295
103747  296
106119  296
108160  296
107314  296
106194  296
108360  296
104715  296
104516  296
108221  296
104852  296
105800  297
104827  297
109443  297
110432  297
109779  297
108543  297
105131  297
109623  297
105826  297
108635  297
110590  298
114673  298
109395  298
105386  298
109367  298
110601  298
105440  298
107212  298
105195  298
104580  298
108271  299
105690  299
105955  299
111807  299
108231  299
108550  299
106784  299
106480  299
106483  299
107147  299
107746  300
107862  300
110512  300
106830  300
114283  300
110691  300
106775  300
108591  300
106725  300
112703  300
